,CNS_neurons,Cardiocytes,Definitive_erythroid,Endothelium,Epithelial_cells,Extraembryonic_visceral_endoderm,Gut,Hepatocytes,Intermediate_mesoderm_and_kidney,Megakaryocytes,Mesoderm,Muscle_cells,Neural_crest_PNS_glia,Neural_crest_PNS_neurons,Neuroectoderm_and_glia,Notochord,Primitive_erythroid,Primordial_germ_cells,T_cells,White_blood_cells
CNS_neurons,0.7873149982668113,0.0002911031502500654,0.00018873877427426456,0.0002864589069317856,0.0010461443073658744,4.25514624111233e-05,0.0004755456029152676,0.0002988802169022608,0.00022984602471532884,0.0002521972987905021,0.003788821749472307,5.7142044375206874e-05,0.006453802215948729,0.15769979398412987,0.03953963527262003,3.5466601198890064e-05,0.00019939426770173497,0.0008427296223424485,1.2066632307860238e-06,0.0009555435676122496
Cardiocytes,7.442292318826327e-06,0.9860063721215618,0.00010576580022981152,0.0006068248142211988,0.0006674245767369823,1.9812341493177265e-05,7.979747113184862e-05,0.0017687008823323912,0.000985579441749198,0.00012291439546946908,0.0017862159166227682,7.950371525919963e-06,0.0027582242423264194,0.00012370932293700085,0.004146340739322997,8.856405593914938e-06,0.00011886463386997773,0.00016049163127369789,9.249001143637322e-07,0.0005177876991681987
Definitive_erythroid,0.0023150166364671967,0.028746680545786347,0.30185177143015546,0.029663593673857173,0.027218899918278788,0.007602913574554715,0.01630201148626266,0.014399476908952463,0.006149903246697382,0.09293287752570287,0.06926883578296235,0.0007146986133320702,0.007448274915612423,0.01620013970039075,0.05045586694164801,0.0034590562843897226,0.06420583857250811,0.14210334053363002,0.00048561547211310464,0.11847518823669839
Endothelium,0.0005412179446876271,0.009169049057869649,0.006292143491334382,0.6728555190880701,0.014735403593408308,0.005986509981810681,0.008434614635088194,0.05959293664309423,0.00334717268382973,0.029648222264900017,0.03995705176671556,0.0002952749329636314,0.009049990649109317,0.00848323060213788,0.01910842477725426,0.0007114915834531019,0.010422549569871126,0.01160922582816579,0.00010144725991183634,0.08965852364632457
Epithelial_cells,0.002173457653776222,0.012951795764050516,0.0032670599909102012,0.00922693831423129,0.5532996975888926,0.005231141882251582,0.035607034546053594,0.04408856364868555,0.010142874561792761,0.02425887390315322,0.06936549053167045,0.0007962304397101077,0.034031545857388344,0.08678052333393801,0.05266053162914631,0.0031858819524706312,0.007953926451563856,0.016149296431975622,4.5330040752521855e-05,0.02878380547758657
Extraembryonic_visceral_endoderm,0.00037640202488571926,0.005312652887203743,0.0053241975610319545,0.008902986843136855,0.02531064124862752,0.3603483782732959,0.03083458327356975,0.36447647647268544,0.001218112333308448,0.05907454673905197,0.029293894583398917,0.0004396739225003086,0.0029155409720198404,0.005527592343518358,0.01505025464180911,0.0005999213480270946,0.032052268828338205,0.02194321188477183,0.00028551009933261234,0.030713153719486377
Eye_and_other,0.02325225434055372,0.022628922004314864,0.012527409934805472,0.026504734518027765,0.054848704460147654,0.002792102749019491,0.026177445413726835,0.023348011064983507,0.009748410428743099,0.021037841205397458,0.1633412986191576,0.0010370955564576146,0.0409321188725668,0.06514658030648283,0.38732936959317354,0.0030491014461890564,0.01543019431816692,0.03487588463500926,3.604721494460546e-05,0.06595647331813188
Gut,0.009658524690034876,0.007965708088343263,0.0018974435365357494,0.004386730923017968,0.06855717247047316,0.01325721003786674,0.3680177599834035,0.22208535495264403,0.03429071205506199,0.037605553567464464,0.04398727009609766,0.000968416563012538,0.024360496357777588,0.07461933732512656,0.027645310167967233,0.005868703080406575,0.006508561265306902,0.020544268028077874,3.9546408202542525e-05,0.027735920403178772
Hepatocytes,0.00020599184690694482,0.003391841177206442,0.0023890219047252295,0.003436201701034679,0.00489795345299564,0.022797766962318482,0.025838658088265763,0.7177526319969797,0.0005416978357157712,0.0023605120253787654,0.040162440194556934,0.0006435576329452157,0.13240367109916298,0.002320162475029295,0.01192044088422005,0.00031106185482785445,0.0016824625118040284,0.01935332259087716,2.0158264207999143e-05,0.007570445500841055
Intermediate_mesoderm_and_kidney,0.0017256200012780623,0.02083327985546193,0.0034934524309149775,0.006826172090261639,0.04527455177954943,0.0005703330948840246,0.012531998517930739,0.010290773544912509,0.6310127948706528,0.011119157963416042,0.06177486082425717,0.000450354795293573,0.066976956759381,0.06663756791336649,0.02795749519186215,0.00079476646766003,0.0022488268935035916,0.01078269719556458,1.9764129241976952e-05,0.018678575680607327
Megakaryocytes,0.002173944252475393,0.008673177540014735,0.08417938758309111,0.007901546179932672,0.01248550582669425,0.0010193444978262767,0.013255100384639888,0.013538236370696385,0.004890032241421597,0.486806521396494,0.09060575816247092,0.00011873775163163382,0.005478656417318449,0.04881070125756839,0.026417306945642063,0.0004174331449379345,0.1469546613329848,0.012762984029038454,0.00012280627001094821,0.033388158415110135
Mesoderm,0.004036515009216963,0.03481255462549788,0.00603286827258939,0.013228395918980349,0.04908832149707139,0.0032194489528495555,0.030809553259040307,0.09920042727127326,0.020915547330798506,0.016400646375195112,0.3943067480683247,0.0040372921979034354,0.07850284108732902,0.1188169267628668,0.06731699389394567,0.0034284153863018427,0.009232615096424776,0.016202211337388875,5.3922016235499114e-05,0.030357755640766638
Muscle_cells,1.2663426547207721e-08,7.150204508500662e-07,2.2100783025084733e-30,1.0380419620283254e-18,9.00873631969823e-12,6.962690709815116e-23,2.5544014529588924e-14,8.390018371413955e-18,9.821001275411737e-14,1.1354564550377313e-22,4.7427596799104415e-06,0.9999911623677841,3.055427497926682e-13,3.367179206386375e-06,1.4209160419901569e-14,1.6150917688018342e-20,2.2375213376587553e-25,3.406876647533525e-26,6.085570361181869e-31,2.024576043452108e-27
Neural_crest_PNS_glia,0.00413665940434512,0.0037173425707845006,0.00229650537376583,0.005709787174597187,0.016032147062687425,0.0006323503053063512,0.005109708536832944,0.01930369529783878,0.004689987974916769,0.008085764402961259,0.09469080427719187,0.00022623195763061524,0.6672427379828115,0.10089412072828492,0.04417665143154029,0.00044856761066720455,0.00428020695365726,0.00686606937585949,2.9251981277628145e-05,0.011431409597043042
Neural_crest_PNS_neurons,0.02414965343822743,0.01456638497145509,0.004157239109913197,0.016382148478894708,0.04048783789869422,0.001982869106081511,0.014710308784440627,0.017097357730933013,0.007399731220971614,0.01044679458087733,0.08859106409812044,0.0011117188352727607,0.018909160323014963,0.5766351278895545,0.09378569888457405,0.0009314851957194948,0.008948284281704324,0.017684845390648206,1.5840845634745348e-05,0.04200644893526776
Neuroectoderm_and_glia,0.01775126090285647,0.012425413804233666,0.004857046341113585,0.009003783226688513,0.04293462839955287,0.0013789176638490917,0.01934696100058473,0.01840545351883997,0.007690427060672458,0.010791867552509842,0.08656511864810522,0.00048711643758894794,0.07878809861479016,0.06272803003482084,0.5738553182053283,0.003774559910108822,0.008053153440679498,0.01586753440894757,4.277028181110324e-05,0.02525254054691829
Notochord,0.005557086675984344,0.0165832696115157,0.0014314932899699361,0.0022208755869942863,0.024558871310096184,0.00028996218958576234,0.01279218642140431,0.0020265185974675764,0.0013643515749495153,0.024456593475517627,0.0233097741514781,0.00015252704786268423,0.0031845866672319135,0.008121664728158824,0.014945945089839163,0.8431000434623681,0.0030711241153489376,0.005919729213577263,3.47020505236308e-05,0.006878694740126172
Primitive_erythroid,2.733391647823374e-05,0.00043280275698766356,0.0009577729825254271,0.0008795103933078639,0.000657712829773668,0.0001316497408139583,0.0002559659854967931,0.00023980858602724208,9.978829953293037e-05,0.016337233208082953,0.002509568901455387,8.288376469291648e-06,0.0002021425820192442,0.0003929329817602893,0.001563023478601995,3.184683479563123e-05,0.9709660138062628,0.0007703128177990855,9.575376998762248e-06,0.0035267161448108383
Primordial_germ_cells,0.008452501831401352,0.023149452424583123,0.07022852989691307,0.019277553439985655,0.06867107547577249,0.01409349735469086,0.10669546261422941,0.02293925665094762,0.012299590383338737,0.06236253868422214,0.06538773136287676,0.0007174282007912328,0.012805701789185813,0.04849199063412951,0.03307865463037119,0.00294679487794543,0.017883371037257394,0.05311531045221042,0.00010796617836450122,0.3572955920807833
White_blood_cells,0.0029421090937670567,0.00014725105532374538,2.1190036278530144e-06,0.06762575004400266,0.006588178807829494,0.0016178296963965401,0.002084339394166506,0.007734369547644687,0.001549523941210253,0.686935210056987,0.024679694896375476,0.00012716072586613835,0.009261636510300405,0.0021872612434872545,0.007799822429103518,0.0016312687968605603,0.17699809936659364,1.0972018907465192e-05,3.3759127344017972e-06,7.402745881541267e-05
