,CNS_neurons,Cardiocytes,Definitive_erythroid,Endothelium,Ependymal_cells,Epithelial_cells,Eye_and_other,Gut,Hepatocytes,Intermediate_mesoderm_and_kidney,Intestine,Lung_and_airways,Megakaryocytes,Mesoderm,Muscle_cells,Neural_crest_PNS_glia,Neural_crest_PNS_neurons,Neuroectoderm_and_glia,Notochord,Olfactory_sensory_neurons,Primitive_erythroid,Primordial_germ_cells,White_blood_cells
CNS_neurons,0.5701577022984936,0.0044613117004787765,0.006588762109093093,0.0043865698048187836,0.008607285961551017,0.009486582987657463,0.0037989313418436295,0.010091141719036497,0.0001209782994595856,0.003455021857392916,3.433762403215708e-08,2.9374511767440157e-06,0.017482476172830125,0.01749564879922293,0.0018266404371054589,0.0125907341900699,0.1359356333162769,0.06627685525076757,0.00022631909638460041,0.09684744401870404,3.241136048249869e-05,0.010252348998834466,0.01987622849069538
Cardiocytes,8.79134427040383e-06,0.9975531358289369,0.00023459549142621473,0.00020788632345118425,5.491874758813439e-05,0.00023286638915847671,9.688722888783507e-05,3.5691505228233694e-05,6.223643755528049e-06,1.6364613169270635e-05,1.5623716272296206e-22,3.794967638009719e-07,0.00011335771997604632,0.0007000597141407082,5.915740682771287e-06,7.418198411128e-05,2.4218231088699243e-05,0.00019739402850327183,3.839620247882049e-06,8.515228634641302e-31,1.7687228138260108e-06,4.592888699456425e-05,0.00038559473880496513
Definitive_erythroid,0.0013976708091016582,0.02580691651507001,0.16162575554279854,0.05199242310198306,0.004221773181404229,0.030445664693352074,0.026560091971741494,0.00501653498441578,0.0009755923392096099,0.0016862364481793773,2.5831621683036855e-27,8.926570468406629e-09,0.2916267473258632,0.08681587007865046,0.0005539748739855196,0.014546383899236322,0.007369052049554034,0.04221815929109803,0.0006298576975229217,1.3344979986160753e-30,0.001376135139019445,0.008777793373529297,0.2363573577577145
Endothelium,0.00024367667638980245,0.0014862495625066925,0.007582073879931303,0.8744044070382604,0.0013380467980796654,0.00639205918140979,0.0025179566462476444,0.0012840080840156544,0.0004135616353349898,0.00042700230866611865,1.9594769668911836e-17,1.1220339967164756e-06,0.051298750828697774,0.014381716624133262,0.00022225688201791958,0.0017743488578040123,0.0006617647870076536,0.004313036512591478,0.0001867493633774513,2.2630891120709697e-27,5.9317134131622836e-05,0.004043675661102976,0.02696821950429704
Ependymal_cells,0.0,6.996683284503156e-42,0.0,6.651745136973472e-34,0.9562335681634652,3.739204570466726e-27,0.0,7.942559754969735e-42,0.0,1.0750337899949301e-15,0.0,0.0,0.0,7.167673984341382e-37,0.0,0.0,0.0,0.04376643183653373,0.0,0.0,0.0,0.0,0.0
Epithelial_cells,0.000777103586790389,0.008017204679967298,0.017903303678528368,0.025204664027282202,0.015360129023789939,0.5943195207549106,0.01012447380484949,0.03831043456444788,0.0041084461733060145,0.010318706715189618,7.429868835652922e-05,0.0009335877813935107,0.03383019184751776,0.06578273308161917,0.001068643640597215,0.012052874047862948,0.006085112674278163,0.0226882155363944,0.002945614970612565,4.30477516264943e-15,7.924863872323813e-05,0.08576895273109274,0.04424653935248552
Extraembryonic_visceral_endoderm,5.85729620570473e-10,0.001280429982050141,1.3127249577574853e-18,0.0007853496208015613,2.6290082396488436e-18,5.7251555362465615e-05,9.167731993314902e-32,0.9296530908304717,0.028066373839542517,2.0327018856451912e-10,1.7083559184208582e-13,0.0028182360750828033,0.02141714987560745,1.3515945941998657e-06,0.01588628597814886,7.994207924617386e-11,3.433578540160412e-05,5.389266710367477e-11,9.759631289532625e-12,6.063841678885449e-34,1.4494499488563223e-19,2.5574352826122954e-08,1.1835581894256635e-07
Eye_and_other,0.004386176126985481,0.0124688626299154,0.014767360105225467,0.029896876150619332,0.28421981644127764,0.04848673687445096,0.09908724805776038,0.010901558577087937,0.0008344046220999016,0.010096005570148982,5.228328007288442e-28,9.83744021688016e-08,0.006072407272436249,0.15883757837753928,0.0010631646175015147,0.029266614806909532,0.012817526500647288,0.23144682037706052,0.0014959351778332495,1.9533621569426164e-29,0.00016223049053205497,0.0025001499898116056,0.04119242885975504
Gut,0.0009187162996567287,0.010722394927557137,0.02137016484058686,0.04226291510765334,0.008311659947533873,0.07505676821819021,0.005547124838107432,0.4656484975477468,0.026852251698656016,0.0064053842170101955,0.0014133308875625028,0.003348036869212187,0.05101086521818335,0.05064284379320517,0.0015281900846568748,0.011709077168982717,0.0037454932095338928,0.022549114900367147,0.0023051723611929105,2.014311999311719e-21,7.713425217734884e-05,0.09789551698584356,0.09067934662638377
Hepatocytes,0.000282925731703264,0.0014775191847271408,0.009371114078041766,0.007790957672816534,0.0004840769747805497,0.011293023031492367,0.0017281169050326144,0.011573554158204024,0.8729667174298942,0.0006340515178878325,4.371434095039373e-14,4.4088563838978086e-05,0.005523560170586799,0.030641729386905812,0.005365602737725901,0.003362114582354075,0.0012909396476611568,0.006581333080708147,0.00019941537419229313,6.974627184192008e-29,6.542320705176111e-05,0.010386215649917475,0.018937520914433546
Intermediate_mesoderm_and_kidney,0.0021456159064461673,0.00594481928505942,0.020544912995956014,0.05053591809352028,0.01780951796755219,0.05527168973618828,0.006589445391300677,0.11063712267895222,0.0017482355750538326,0.3176930299746825,8.427578130777387e-07,0.004339875723068113,0.0526692167930581,0.16975134883686252,0.002897161571260304,0.015816467136777566,0.010579674674566901,0.01639032949001819,0.022538297240217706,1.9754664375160984e-19,5.442484412998619e-05,0.072609775934191,0.0434322773933249
Megakaryocytes,0.00010334446978841437,0.0010271120396170472,0.008063884687738311,0.004653854359843352,0.00036444960045194916,0.0015984913119586831,0.00036250825871261827,0.00040736456263870197,4.485941803567397e-05,0.00010058218909824481,1.9094289473607137e-22,3.0009775540604896e-07,0.9109792519610135,0.002620182938243697,3.885334109792009e-05,0.0005853680854516873,0.00023236747980448475,0.0013937002475541474,7.567432551056418e-05,2.8723603195047504e-28,8.353260643860638e-05,0.0021818406394887024,0.06508247737975831
Mesoderm,0.0010607590465792959,0.01819911205739938,0.021970098971974703,0.038763664459978676,0.014698671581366526,0.05729706361004185,0.009753419041301866,0.025845420101419835,0.006934224792359615,0.011748450013156535,5.441403248970604e-05,0.0002043195167188643,0.042952969848116085,0.5390040768224532,0.003925025819768995,0.02538256577829269,0.007322231507331279,0.02755843912147408,0.0017425093520592155,3.3070164875497706e-14,0.00011144036683092588,0.07692709519136509,0.06854402896748846
Muscle_cells,0.0004230959343360617,0.09000297141424872,0.00684331153793257,0.011529768230076782,0.020353846641165955,0.033680096269558896,0.005857004035053012,0.017290921932129836,0.00028349887223707817,0.002891070296466305,9.009092247509321e-09,7.31189073981164e-06,0.03254897507522449,0.08516017544685237,0.6214639039950302,0.009086673221957341,0.005224959571557583,0.01241319577638546,0.0006053293560716392,2.432408851919878e-23,2.4752241198231346e-05,0.027256936987808993,0.01705219226487651
Neural_crest_PNS_glia,0.0006514847019525644,0.0020472789100804425,0.019284577962573154,0.01378872612525747,0.003905171745561078,0.021016456102127174,0.006214955796602474,0.004162760434670437,0.0005519149686333109,0.0019207681684695222,4.913895381901698e-10,4.1914474253999176e-05,0.058047245954138835,0.05485532410701474,0.000471649282109313,0.6355896566541691,0.018530467450492704,0.01838945776268324,0.0002252010444888045,1.9474116463141082e-08,5.385026430443262e-05,0.05462143920714838,0.08562967891776277
Neural_crest_PNS_neurons,0.024075761748935647,0.002763192651729374,0.0067998679907480845,0.007244477702729752,0.008622621033421906,0.029132862412231307,0.005339511221034879,0.01037922409029226,0.0002367567281070837,0.003331626833462314,2.23994302551559e-12,8.521149398873623e-06,0.018190393004399157,0.029816298644169476,0.00043534310973508266,0.04638388426749513,0.7566633311746639,0.014212568642676875,0.00027031596513560336,0.003512556050524917,5.1951364328789005e-05,0.01502150805345866,0.01750742615908098
Neuroectoderm_and_glia,0.012548296222593014,0.008861021450548507,0.024744667983596348,0.014761105699232486,0.053584786154990564,0.06836426498662163,0.017625146234379063,0.025096216190852644,0.0013492242907925049,0.01197418240126814,3.074582235932881e-05,0.000271511884880363,0.022387568695394117,0.08396850076761368,0.00132437916476454,0.06776366621298782,0.011775429774947888,0.3570052212937717,0.004797323310065652,0.008482949175433777,0.0002061112245199688,0.10057451929917925,0.10250316175920701
Notochord,0.0009704279660704132,0.02857442861187956,0.007803748132212832,0.016903675595389498,0.03860674312394757,0.030612855249171785,0.005960983048866029,0.006682364073523961,0.0002765588206377776,0.002322632052600124,1.449215393068683e-14,6.4181720448841224e-06,0.09986512069195744,0.040635126378890586,0.0008978336436133325,0.0021826889655178604,0.0014897278304649346,0.014538738448912547,0.5550916627677557,1.2388814027466666e-23,6.76175384915449e-05,0.10831657478476273,0.038194074103274446
Olfactory_sensory_neurons,0.23876701991130136,0.004500067458301121,0.0005768944561016046,0.0006895706956977662,0.0032597261965192545,0.001213833608644776,2.882359597013818e-05,0.002054197773590943,7.447650422015262e-06,0.00028355947241381094,1.7540556931792873e-26,9.169506393810664e-11,0.07278519335884805,0.001135959206653935,0.0002840579919402309,0.0005014685012307743,0.4041446863161258,0.0025044393989812172,2.6380312961194796e-05,0.2645683067644783,5.031212059471645e-06,1.540076891017453e-05,0.002647935257152926
Primitive_erythroid,0.0002802222934743433,0.0021901043820744116,0.03546952714071445,0.00955949320280157,0.0009001604921614559,0.006500682583353024,0.0029387712925347032,0.0009977641425629646,0.00039356730304214606,0.00032710312040791793,2.75055219208339e-24,3.4467079808175664e-07,0.2826728431373098,0.01457438105156037,8.254280425290677e-05,0.0018974759700886076,0.0009320404195592734,0.006685619026304654,0.00022906413492451426,6.324588584364467e-28,0.4086529778423308,0.01790046634011983,0.20681484864962418
Primordial_germ_cells,2.7945393018248245e-11,5.199854416155352e-09,6.558462221830123e-10,5.5238674636608285e-05,3.0035195913680655e-15,4.0135743256050504e-07,8.035790300329203e-26,4.547907303964589e-07,1.0496133313514997e-10,3.1230044876442894e-08,3.1473673612066944e-17,1.7812933663179634e-09,9.849908738091416e-06,6.840165531901132e-08,5.190887810761909e-10,3.050732342550838e-08,3.529301801684317e-09,3.017673275375322e-08,2.0440107743161227e-09,1.5216416480001805e-33,1.7594936233687225e-11,0.004276479203798759,0.9956574018690073
White_blood_cells,0.00041074820221361223,0.004412087072159713,0.027335937607557908,0.09156770105494942,0.0015102877261016535,0.009615950125036559,0.0059140258407659975,0.0018464474396152652,0.0003362646910283077,0.0006024830989959503,1.0933347278518045e-13,5.731574123507078e-07,0.14024133744954784,0.03754846316156046,0.0001666440775129756,0.031933061242721245,0.0015424357002694095,0.0116882750665888,0.0001950330883135051,9.434822942443002e-19,0.00022435013294023643,0.03851208771218466,0.5943958063524148
