,CNS_neurons,Cardiocytes,Definitive_erythroid,Endothelium,Ependymal_cells,Epithelial_cells,Extraembryonic_visceral_endoderm,Eye_and_other,Gut,Hepatocytes,Intermediate_mesoderm_and_kidney,Lung_and_airways,Megakaryocytes,Mesoderm,Muscle_cells,Neural_crest_PNS_glia,Neural_crest_PNS_neurons,Neuroectoderm_and_glia,Notochord,Primitive_erythroid,Primordial_germ_cells,White_blood_cells
CNS_neurons,0.8234523933035399,1.860338625983607e-05,2.7076784394850362e-05,0.0011794910250050594,4.980836700687821e-06,0.00431699435102137,5.21415538212107e-08,1.2680718705370413e-05,0.0014314129604803562,4.5470175609048574e-05,0.00039249992335895607,2.7558568642692786e-14,0.00011882855038659179,0.026205786805734654,9.445693058793114e-05,0.0015039880165939074,0.058844341414408995,0.07964806812429029,1.672489775801983e-05,0.002502881861710831,9.00770897907289e-06,0.00017426008289286738
Cardiocytes,0.012515690480187495,0.5946449185094247,0.0007748324029231376,0.010150257743361027,4.2427128507847456e-05,0.017615318724108,8.227417327951353e-05,2.3763023483766814e-05,0.006612870070731111,0.0003437514034298034,0.0018347199518381953,4.442294417552473e-10,0.005511481448111891,0.23209252024388638,0.03181159573197066,0.0023239884155930707,0.0019529208547282672,0.05276752390848445,0.0001488188172106166,0.02432025655282318,0.00018814979284815034,0.004241920178839267
Definitive_erythroid,0.00417110600221266,0.00024194808614512342,0.0005329022493891536,0.028873359571178737,4.062646409693186e-06,0.02739973718547696,1.4299666900416505e-09,2.409933750118102e-05,0.001981178283956391,0.000708707079177965,0.0017593481913620306,3.9289505028507284e-24,0.005626355721959439,0.2780604937992211,0.0003454460795128604,0.00949866503910432,0.0028689503457791856,0.17763583230872051,0.0001559066574678644,0.45754399557652287,9.994341707004704e-07,0.0025669049747645057
Endothelium,0.002066378853698863,9.464647453911874e-05,0.0004913627995077984,0.7450640459951124,1.728442943087146e-05,0.01827774300292737,8.296193833849121e-06,1.5506381921401945e-05,0.0022343517199826727,0.001074145033703965,0.0022569367570548287,3.490509903774993e-05,0.005384883599318755,0.12828723504885337,0.000533673422439327,0.004233878379660237,0.0019446667566601313,0.04727895343611613,0.00045304592042586753,0.03386916439221708,0.00013725185377619722,0.006241644449782013
Epithelial_cells,0.007035325610663899,8.669893255726561e-05,0.00014300771668854413,0.008470436954650596,5.623181177207478e-05,0.5700948505249035,9.352963826501219e-05,2.514659108266659e-05,0.008483334841590228,0.0014607593868156494,0.006841682683578483,1.4529368625372747e-05,0.0014209277661726201,0.22729742100930303,0.001949135654580424,0.007807770178145565,0.011301113821609424,0.13143490870160002,0.00025231613561751493,0.013540513516039729,0.0005672143572110964,0.0016231447985272879
Extraembryonic_visceral_endoderm,0.0009010951561106849,3.6691004749283776e-05,0.00011316072711286886,0.013599028673934583,1.7860079330723966e-06,0.04996206158194309,0.0007607089217885715,6.707274615838016e-06,0.008002087009995235,0.33830459902030613,0.0016635533928348765,1.5662072890541355e-16,0.0009061702241545336,0.35879956791658746,0.05308607158227337,0.0025292573577201933,0.0007876994664848557,0.04131704065161742,0.000272927385167185,0.12812345478344045,2.9929478316568492e-06,0.000823338913398522
Eye_and_other,0.005198405405012554,0.00014494420095765038,0.00011258913909564742,0.007621608403442424,1.812577765226847e-05,0.04768073016688509,1.111329921862076e-08,8.14830098656125e-05,0.0024981756271730236,0.00043288503281571823,0.003472859149211395,1.0434849968987358e-18,0.0003500559708393579,0.28597160156682616,0.0008671802043745706,0.008919706250867644,0.008064975675189422,0.6156169553186767,8.866893452469053e-05,0.012315436759652335,8.890419532981983e-07,0.0005427132516852026
Gut,0.024694088194553664,5.945290480283193e-05,0.00012745603584480138,0.005679568982682156,1.7876309763110598e-05,0.16348341651948853,0.0005590742334843111,3.2140117035107483e-05,0.2708028593931399,0.02081547564055013,0.0334041569978203,0.0009434975810217865,0.0019222342007617198,0.2940895029354432,0.0012611834505018016,0.007255512261393341,0.011265875311134951,0.14495925919327862,0.0016856268982045797,0.012275121771178205,0.00037831454007580296,0.004288306527841104
Hepatocytes,0.0004497247882369416,1.2193410887715674e-05,4.4479420643626e-05,0.003681683927508468,4.4184850087839695e-07,0.01192026776343485,0.00034208249553116125,1.2579365652509983e-06,0.04094375313702882,0.7012447146634596,0.01995833226031398,9.104281253999587e-11,0.0004350381222151786,0.1629985428375397,0.006552709758252597,0.0013374672324477444,0.0007331360859137249,0.04033821837247765,0.00017231745073618146,0.008383126031403855,2.771352921729685e-06,0.00044774101293746396
Intermediate_mesoderm_and_kidney,0.01519000152079048,5.124429280021008e-05,0.00014854542623118049,0.007208971279939427,2.6315621555719174e-05,0.08203788816298632,8.144080508630019e-07,1.97499975178701e-05,0.01249477635159321,0.000309659283390817,0.2070063493917399,1.0302718995242782e-07,0.0013982171606558636,0.4988729935259811,0.005559858845411236,0.01290148957503193,0.04383541254829441,0.0982713472177955,0.00020404251624110472,0.011439065406505751,0.001087237611105105,0.001935916829192083
Megakaryocytes,0.006623230410158339,3.995673615327034e-05,0.008190309630428603,0.00777965877355624,3.86493120533672e-05,0.006808922627395254,1.980270703355641e-08,1.8029151764344198e-05,0.0006914907718483606,7.693720546409516e-05,0.0008153231466834874,2.425612676137568e-15,0.45502576240758547,0.04133760184849245,0.00011064636785116222,0.0018305770357886528,0.0209441781084521,0.024500463162631624,0.00010143805413606508,0.41178914912560116,6.949241652799209e-05,0.013208163904718507
Mesoderm,0.004694139365431576,0.0002313898331569128,0.00018227667044801407,0.007143588402665677,3.475196555295084e-05,0.029639326512879764,1.6305987775717215e-05,2.089781348852466e-05,0.0038933679969500416,0.0020301075634418255,0.006299256983930168,2.3665727697734476e-05,0.0006795196941935597,0.8106523969250728,0.0021429403148795338,0.012477864859249966,0.006420802024815431,0.09635614898317345,0.0003563392798987688,0.015694712486217767,3.8580334163943315e-05,0.0009716202749158475
Muscle_cells,0.0026762147634046096,5.035389502503955e-05,4.255902938680196e-05,0.0027902172799760773,1.345237108290153e-05,0.016360054614191526,2.0067776513521535e-07,1.617964600773873e-05,0.0009597402360096988,0.00043173513939566205,0.001614757379959196,1.1295320917011537e-12,0.0004354442194691189,0.17187842566533562,0.7470166716755681,0.0033383614738708607,0.0050346254249656955,0.04272228062754927,0.00011650468242573484,0.004272059307076718,2.266433201716216e-06,0.00022789545720328745
Neural_crest_PNS_glia,0.006714672772841001,2.8314569243538896e-05,9.10141814624369e-05,0.0032280420287405668,8.025982970660252e-06,0.014985437593476845,2.1562341647477247e-07,1.2584129710060435e-05,0.001081902607399809,0.00023869902530488168,0.0023088384594003955,2.853955932631644e-09,0.0004071123534810335,0.271391350619375,0.00035860848841746056,0.5416342984697067,0.032685118157843855,0.11683973720114822,7.288120600933232e-05,0.007340637535243937,2.2440448155236874e-05,0.0005500656926966699
Neural_crest_PNS_neurons,0.06427236022750994,4.284851537690185e-05,5.879063357580431e-05,0.004514777652511062,1.5115547570446429e-05,0.020277012522543488,1.000307855456241e-08,1.6485488542782067e-05,0.001393210052749989,0.00012887666769202351,0.0011701380356502825,6.212748748867418e-12,0.0006899804123613095,0.09400800793107927,0.0010001337111770633,0.029664453679330738,0.7036648525582916,0.0688110006931398,3.359030297140222e-05,0.008328562759707584,4.611583422747142e-06,0.0019051810155044351
Neuroectoderm_and_glia,0.02733971513193508,5.7708602475099246e-05,0.00011847045886531166,0.0032735592134189905,6.833803861667897e-05,0.01978572192894761,9.831433623498224e-07,9.240420833041145e-05,0.002396016977395752,0.00016039132021635277,0.0016238392280787874,6.658096657914122e-10,0.0003244566790851564,0.10758208322344714,0.00035807760047666925,0.010742690997293237,0.0038877778934186375,0.8119333827130841,0.0002267042123365226,0.009207288303055035,2.1728329826834094e-05,0.0007986611305245273
Notochord,0.03332421162504739,6.331218133675185e-05,0.00021442620937570784,0.016974419248009808,2.0287195965364796e-05,0.12030925525611423,2.761628632734774e-07,2.9351853114201892e-05,0.01030603789723918,0.00022583774846602592,0.010735579698418263,9.403214258818162e-11,0.011602905505509634,0.14622723963738415,0.0031294829479814757,0.003446388502223323,0.002088760478246759,0.2691789550441898,0.3443750419288705,0.021203316614006974,0.001347120027848975,0.005197794143756124
Primitive_erythroid,4.310554166318046e-05,3.2010191451366665e-06,3.512680289384311e-05,0.00021927955224386206,5.1104791811900836e-08,0.000302489499487482,5.221275179221961e-11,4.1124147530688557e-07,2.0227262331452132e-05,5.2238702064304365e-06,2.059627707595268e-05,2.3427061692121898e-21,6.969201827187237e-05,0.002180219640808582,4.501949232935044e-06,6.773916578859345e-05,3.727996612940377e-05,0.0015028305440597431,1.3840174315174946e-06,0.9954396545143293,4.605091801808979e-08,4.693990950288826e-05
Primordial_germ_cells,0.0007027174196502492,2.3077987685981802e-07,0.000667381878939373,0.020864805933665766,1.101210511682037e-07,0.05732261077496738,3.071253208154499e-13,4.536891504237059e-08,0.004227293425191919,0.00018614216684036982,0.0020498699789881945,1.8273352243149754e-22,0.0019483816680803887,0.1851272780269413,0.00030296707506665674,0.007154406124616638,0.0004355026521239252,0.12784976561387246,0.00013389383819884117,0.5740478322389835,0.012857261345346205,0.004121503568376734
White_blood_cells,0.0027308927904268567,7.434051127291923e-06,0.004011804314498237,0.020677498004931315,1.1502798080333315e-05,0.014423338971526409,3.906071984883843e-08,2.4597562074600674e-06,0.0017106784833992366,6.0568932231500165e-05,0.0014623619196526447,3.211540303860435e-15,0.008953485808716178,0.1194333754913424,0.00021216439604397248,0.006873543505372603,0.0007078862534843405,0.07079280302875283,9.928984407700384e-05,0.5812993160520802,0.0008482359278721885,0.16568132060945395
