,CNS_neurons,Cardiocytes,Definitive_erythroid,Endothelium,Ependymal_cells,Epithelial_cells,Eye_and_other,Gut,Hepatocytes,Intermediate_mesoderm_and_kidney,Intermediate_neuronal_progenitors,Lung_and_airways,Megakaryocytes,Mesoderm,Muscle_cells,Neural_crest_PNS_glia,Neural_crest_PNS_neurons,Neuroectoderm_and_glia,Notochord,Olfactory_sensory_neurons,Primitive_erythroid,Primordial_germ_cells,White_blood_cells
CNS_neurons,0.8695239657497719,9.872063210968332e-06,7.340070365959267e-07,0.0017412960762683057,0.0002992230372984432,0.0012408020307019933,0.00029237743784195054,2.4052777651404977e-05,1.1145199394446605e-05,5.9574633045186505e-05,0.0008895528973747395,3.7665987960059514e-07,2.1066958875179186e-07,0.004738332364904724,5.043400004488132e-05,0.0006895674926440543,0.006035206535357776,0.11237263980352635,1.5407037338745636e-06,0.002010996507303183,1.1767918510515092e-08,6.467681319360182e-07,7.440817370508645e-06
Cardiocytes,0.00015678196743382553,0.8206265223115822,1.4349743141354006e-06,0.0002693116239437736,9.83730047559652e-07,0.04969439830360297,1.0978232798966277e-05,3.0080407854990676e-05,4.394566936339345e-06,4.293051332163587e-05,1.783888054632353e-09,5.479660895744589e-08,8.5720422871238e-07,0.12104576182161036,0.0003663840050412195,0.00023392937372185225,9.17420879205191e-05,0.007397504605860005,3.904439558831281e-07,3.265828889157998e-06,3.2830733472613186e-08,8.282277024172234e-08,2.2175762935259812e-05
Definitive_erythroid,0.0035319545301536123,0.00016958333656780388,0.12433869553945982,0.04362316486544732,1.1282895831662492e-05,0.025300603690119133,7.934111739674853e-05,0.0020789427488405177,0.006660964892560683,0.002910177494193828,0.00011611836968421129,7.37718083278666e-06,0.03728377122659807,0.27400866508446625,0.0027460568011548904,0.040957250235529125,0.005445021275709778,0.24118241982498742,0.00015093264134132594,3.407681696350505e-05,0.018796220667088137,0.02834081500501484,0.1422265637600585
Endothelium,0.000815940936938545,7.799399389232086e-05,0.00018400100379512013,0.9272910595028654,0.00014398459436034127,0.0041871383205620595,2.259388151772547e-05,0.0011228858502694674,8.604665187776037e-05,0.0005255724577855724,1.593745237002458e-05,4.599029562079819e-06,0.0003896172747284839,0.03970789501024048,0.0002637766321413801,0.0014527799464627827,0.000574743781739285,0.016317332348094668,6.0862498792938025e-05,7.173587790830063e-06,1.1084243621294861e-05,2.8721064838953608e-05,0.006708259935752501
Ependymal_cells,0.039403908007174554,0.00031632080250640647,2.501429893221183e-07,0.0076005901311241636,0.584721387211433,0.061637595378000634,0.004291809635365147,0.008790058095539665,2.392112324744704e-07,0.0008304569066387065,2.375306985518758e-13,7.751522399622955e-06,2.7886246280866046e-05,0.028716633134584748,0.0002352708109761239,0.0006276138018793939,0.0011640903555460032,0.26129710709087817,0.00025832417339033566,6.623002272771302e-05,2.5725008824097105e-09,1.6877637088183397e-08,6.457868957529259e-06
Epithelial_cells,0.005896449545223465,0.0008252981338408438,1.389770475308204e-05,0.011807389538362054,0.002122930014815216,0.5895281424572907,0.0012403924463846448,0.012625236975202642,0.00169343687321442,0.013662710763880795,5.52949813046956e-06,0.0005653216494463819,3.942728192691291e-06,0.2054452147754237,0.0022107644436697273,0.008208674365484333,0.004211006679315394,0.13865897037128672,0.0010622288083328856,3.1888201141174975e-05,9.086018038874101e-07,9.406376905970108e-05,8.56016557450396e-05
Eye_and_other,0.008893957528472222,0.003237421558454348,2.2962690870884384e-06,0.003692351039078329,0.0011844532862678773,0.05466323648346037,0.02684351574539417,0.0017703798224449165,0.00016001274864207876,0.010341129611314072,4.677433205450629e-07,0.00014046300481837943,1.9631772979970503e-06,0.1377427002997487,0.0017248836613192394,0.010697294416180524,0.008246462879099498,0.7305491276638957,2.6560413612981623e-05,1.1354406107373041e-05,4.652806004351066e-08,2.6662746331482235e-05,4.325896759211606e-05
Gut,0.005103358802066692,0.00020978183251874156,1.415564276602841e-05,0.014217010516809625,0.003635992720406495,0.09377538161738608,0.0019359000581306374,0.07727493007746083,0.0006775571739526185,0.04462868210328692,1.3046196505122309e-05,0.09138881896544136,1.9773534536651287e-06,0.38760950222990687,0.0020106298511156657,0.02032706993608285,0.012477992759815941,0.24405081365636302,0.00045580137011703005,3.394727351971414e-06,2.1571613188528043e-08,0.00011961374450765978,6.856709294096589e-05
Hepatocytes,0.000734426709820783,4.9037792582709104e-05,0.00038484055520832697,0.0014674397884110342,5.533589868297494e-06,0.009699147972170174,2.2532776353910684e-05,0.0015661907133995784,0.8713448505535935,0.0007962842811311008,5.3643844753298306e-05,4.504698480534487e-07,4.2966271622387636e-05,0.06897319743951404,0.00024614797049167823,0.002222489763204789,0.0009337091321169841,0.03352037391565438,4.296884367336347e-05,1.330313786465479e-05,0.00017147962081317774,0.00733682874133763,0.00037215611656615387
Intermediate_mesoderm_and_kidney,0.013719906784770503,0.0007893181660136959,5.0330241040280056e-06,0.009537248985353283,0.004732474278721654,0.07052409788935061,0.000735700416593705,0.020327715321919442,6.711161556235237e-05,0.4746183345843908,3.8431227380844075e-06,0.0013161106070190144,1.795291114519953e-06,0.25113672843809787,0.0013030848977772596,0.009745309224640853,0.006727649253124312,0.12270439853619078,0.011919173320815147,2.677315521814228e-05,7.429000776713217e-08,8.3476927216877e-06,4.977110375448125e-05
Intermediate_neuronal_progenitors,0.6990036834811388,2.6486067745319805e-05,1.433240023089878e-05,0.0016587531119365327,7.639044128397187e-06,0.0035904677850366684,4.259567425071838e-05,0.00012952984012312385,0.0001429825616333684,0.0003781140187962424,0.01062390281678371,9.406799502565587e-07,2.52783088259675e-06,0.035011335558230425,0.0003528777386291592,0.002860270620375664,0.022788418034382717,0.2050942740559978,5.747848156553608e-06,0.018080340363126453,6.161956519580891e-08,2.6698076413340344e-05,0.00015802077248600722
Megakaryocytes,0.023970231002529728,0.00037247975051005433,0.04874004718726318,0.2093227483411635,0.0010650087559954914,0.020874831226765037,9.587400416655523e-05,0.00676257437062439,0.00037693708972587445,0.0012396889092353284,4.09969640980038e-05,4.710276528908147e-06,0.38053830781917575,0.11919291294086197,0.0013253424187781623,0.022860275102962683,0.0032660339142494585,0.10689131072651598,3.496937854651965e-05,0.00011948443712242597,0.004286449196442517,0.00018504728752219356,0.048433738899216296
Mesoderm,0.0015096609379506736,0.0004999136325196568,3.342878989025053e-05,0.004301709493444482,0.00019932377758891543,0.012277483668492944,8.311905365012162e-05,0.0016377144130828667,0.00028750579168093654,0.005214164383833338,1.0276749662814643e-05,0.0004980179254609684,9.366966671349627e-06,0.9262857232198926,0.0034138319724253264,0.0037920723295920182,0.0012336228701232267,0.038280560719419626,0.00018167685955679981,1.1753118737118378e-05,0.00013937563618087394,2.827823783455059e-05,7.141945230855563e-05
Muscle_cells,0.0013441782973950247,0.052844332812992334,3.2747640419011176e-06,0.004865154012791285,9.863728769761983e-05,0.01823712644562048,6.60347848935234e-05,0.0007007320318306696,0.001981779408032958,0.006343567088479248,3.2725071308661795e-06,3.256003895248825e-06,0.0009083174828678584,0.3845006708522969,0.46859373240654545,0.00781369185916235,0.0024745822143913674,0.049090778849317104,6.23135546907244e-05,2.3773388618877334e-05,3.9815289429020716e-07,6.612887575558605e-06,3.378290683838731e-05
Neural_crest_PNS_glia,0.004342925363951666,6.989659748568153e-05,0.00016777657222206388,0.0066856501220649706,8.685279507010489e-05,0.018988088187784538,0.00018480675174512308,0.0010576240250725103,0.0001717285377902994,0.0010127485950811128,2.676735916102559e-05,2.857630050659083e-05,0.0009809432299718334,0.0891113300700728,0.0009919512302134213,0.7449591918472573,0.03257618543085589,0.09641538770840644,2.0004278194476956e-05,4.54316696871854e-05,4.3525913424311077e-07,0.00018315323213354687,0.0018925448361371208
Neural_crest_PNS_neurons,0.025213584267307257,2.9936389531851036e-05,1.9747421058611048e-06,0.0005837350458788322,0.0006742281163408727,0.009322652337126551,8.819439155842474e-05,0.00023753202086955602,0.0015559234851950186,0.003899072579308183,4.985598840916676e-06,1.3835523169976828e-06,0.0015255288394485323,0.024129129831141478,0.00031333282181676296,0.02758103995105572,0.87229818462862,0.02997062758607025,5.056011925827612e-06,0.0017978687675789188,3.9422054256207705e-08,3.7825325773260968e-06,0.0007622070813306544
Neuroectoderm_and_glia,0.02183234275675321,0.00013293018591276878,5.1262150808875856e-05,0.0012321453296494386,0.0005724560937627671,0.007778854885980111,0.0008034402111961578,0.0007735875397754188,0.00019288823730907726,0.0009916254587718479,0.00013796673464038745,1.0898031870708344e-05,3.4478886615150044e-06,0.04728387574700708,0.0005587886442137696,0.004117366310287994,0.001965998632853308,0.9111532983787228,0.00011282702101476879,0.00010223805089898685,7.960954668247466e-05,1.7037354725728164e-05,9.511480850081943e-05
Notochord,0.04876290673469606,0.0004725145085881808,6.284013604900172e-06,0.027961883645157736,0.0005528536480116932,0.03652307514030959,0.01701864856374382,0.0029521924753787066,0.00014713228023671257,0.00403282484411722,1.9400364709699196e-10,0.00010396554006174185,4.705837133139421e-06,0.12440753622783252,0.0009446318663330975,0.006961897005330914,0.0027452183873428833,0.41297832288577196,0.31333012227146123,1.984533310716378e-05,1.669401995765739e-07,5.896844920053003e-07,7.268197308547829e-05
Olfactory_sensory_neurons,0.482180036342861,1.0922129532713322e-06,4.8052804535980854e-08,0.00015646349965925098,0.00012197677487063497,0.00037284256491119857,8.401015573904387e-05,6.1250048171596655e-06,4.6431313914157454e-08,1.7340340002808477e-05,0.00025940720468614956,8.323559014435515e-08,1.684140032292918e-07,0.002204117767105181,2.1749416950649766e-06,0.0021179827623693517,0.11251788704522431,0.016123808294706957,2.8661939466881608e-09,0.38383427226731676,2.6058557312700213e-10,1.708543215862662e-09,1.1185204732314228e-07
Primitive_erythroid,0.014534498642686465,0.00034695188700574215,0.007414925417500061,0.028437884676661935,0.00043007088473200576,0.03971756270922742,0.00048119205424115955,0.004320753761408446,0.0032656698196813832,0.0056467876140491365,0.00022570743870180688,5.736440956530793e-06,0.0029629797367630582,0.2795999363127574,0.0027195883594717247,0.016921201811394723,0.008904506500037832,0.29505005636767423,0.0003471025284329924,0.0002275035088484805,0.2746876492896258,0.0011723322158091732,0.01257940202233248
Primordial_germ_cells,0.004910870751075175,0.00022074531408026844,9.421532415070449e-05,0.08224451257543251,2.9112481018530974e-06,0.04440837572456642,6.846136729784728e-05,0.002696850243845501,0.003459951487883895,0.002723741483765837,2.6765316290503375e-06,1.5368751897543602e-05,1.4887490973750474e-05,0.34492917656411426,0.0021465429294027834,0.055133396716057444,0.007570023852371329,0.4433446969289051,0.00036769009786638286,0.00013488715455626913,7.336912690185015e-08,0.0037142351382522683,0.0017957089546468935
T_cells,0.04441168560060643,6.30540986332495e-05,0.005202334902268564,0.10261352309928677,2.4027881820270934e-06,0.05742433222075434,2.5924969386810978e-06,0.01751613853701295,0.0005200150368923809,0.005766905862868454,0.0005196450108206355,1.9107083322209937e-09,0.0012023656395540204,0.3869886992422418,0.0035515981301740066,0.024914367055920997,0.019447835517486498,0.317259555305504,0.000635334823394596,2.722964170911324e-05,0.00011842315680709858,0.0007879187440715689,0.011024041178163566
White_blood_cells,0.006218106519201875,0.010462116506097066,0.02335641731908489,0.25805834073930556,0.0003168552665244022,0.02242201019909844,0.0001573254275411565,0.005857073733283369,0.0006069997940121673,0.0027171410765718306,8.29127679828074e-05,1.4884208292313104e-05,0.01799700605076066,0.1310447610481711,0.0020436176673982306,0.03347013163608802,0.0053072856092051535,0.15885986472800767,9.431561243703101e-05,2.7182490302994214e-05,0.013232268463899887,0.012024476257283928,0.2956289068794495
