,CNS_neurons,Cardiocytes,Definitive_erythroid,Endothelium,Ependymal_cells,Epithelial_cells,Eye_and_other,Gut,Hepatocytes,Intermediate_mesoderm_and_kidney,Intermediate_neuronal_progenitors,Intestine,Lung_and_airways,Megakaryocytes,Mesoderm,Muscle_cells,Neural_crest_PNS_glia,Neural_crest_PNS_neurons,Neuroectoderm_and_glia,Notochord,Olfactory_sensory_neurons,Primitive_erythroid,Primordial_germ_cells,White_blood_cells
CNS_neurons,0.37257733760628303,0.00022547128792149034,0.000276504054024869,0.0007915522981282139,0.0010190119451849629,0.0026984840966450953,0.01584503233209147,0.0019937765222336036,9.020261451919261e-05,0.0012573449578706674,0.38335478120146943,3.0038256536535094e-06,0.0008313303074582638,0.0005305520582393707,0.00455499391659352,0.0012655657421969827,0.0009632481331850276,0.05556220906884605,0.01385784608119457,0.0009652872057446115,0.13182625110675167,0.004239798968612386,0.004414929055646461,0.0008554856135054481
Cardiocytes,6.839068883175258e-07,0.8289358168881562,0.000146440407566123,0.0006274848823575004,7.525937342090394e-08,0.00042020806750565367,0.000118900507323569,0.00010953377401669421,4.479621646682632e-05,0.00013431006178087505,4.1354801571840257e-07,5.7279612639352695e-11,0.00038185992848374043,0.00027880634798944584,0.001885836162986412,0.15958550859349524,6.495480309621853e-05,0.000145785935166959,2.8754530438612304e-05,4.482542943717255e-05,3.871454806849968e-06,6.466158199909446e-06,0.006411805398570304,0.0006228616805986566
Definitive_erythroid,0.00013543874255540468,0.0010703583858019446,0.2915626017317564,0.002463285450897679,4.413378291062193e-06,0.0021342929744780203,0.00148009256714006,0.0006121016023463057,0.020565994881884826,0.0001705206289391014,0.00024189040617052959,7.689932181516634e-10,0.0024031315617479006,0.12321743476299737,0.016119915157540465,0.0008102026348610411,0.002825172937441808,0.0004453823554736089,0.004120365968878904,0.00043591898355601906,9.480248500402298e-05,0.15766485709350503,0.24572813728947843,0.1256936872502608
Endothelium,0.0011140367443081905,0.0003355959988801677,0.0021148288572556706,0.8362256084653548,4.5036739532154245e-05,0.005391172001947368,0.004914578396217033,0.0039190565211754905,0.003308481688974267,0.0015133941409942054,0.0013933333927067073,4.730946214458427e-06,0.006206666899398428,0.00459746912088844,0.02493116943849837,0.002631164557413001,0.003908552134112503,0.002278368864540339,0.002653593598430637,0.0027348188947954235,0.00038824759175662703,0.021706388734062502,0.04746987554926707,0.020213830723276212
Ependymal_cells,0.0025507395616331803,0.004315714350977191,1.3485207088761148e-05,0.0050851171826174725,0.6487104295398068,0.034408800297113774,0.12732128796437242,0.05995067580345745,3.4291759213851395e-05,0.01484201848212655,3.092033147664494e-05,8.425086705904806e-05,0.0040778308167419095,0.000982364755860403,0.017631042745193948,0.0010165262499671347,0.0002796785556156738,0.0019536069590450223,0.060171306121340105,0.00020223544557294434,0.00019370658261120476,0.005743002052211546,0.0031938997556642153,0.007207068613232749
Epithelial_cells,0.001013572505624556,0.0003702602631785519,0.003038464763844492,0.00972847140669699,0.0008219925137058719,0.5207776146783434,0.07530494490594415,0.04857865642816651,0.006364317996500469,0.02238514037470631,0.016861003913934407,0.00031970533500502664,0.04142196354923444,0.0019640278795590286,0.05978373427845464,0.009919655179043826,0.006055743800477899,0.004448300962725265,0.010406102684370293,0.01571550129213352,0.011231342079806323,0.02223171428446743,0.10388778779581113,0.00736998112826552
Eye_and_other,0.05364066913527268,0.00012128311498536221,0.0003514284781263964,0.0024749626442157227,0.0029354834799249787,0.03532725817406554,0.48551521930310976,0.028332558367630222,0.0022926308782859036,0.0436615332078538,0.11807155927358572,2.179945489254002e-06,0.015588446888066943,0.00024256273751119587,0.0644204816775954,0.011329031139848062,0.007944300483572003,0.00943937397897433,0.06809068970102572,0.0008625657917174669,0.010531866542246129,0.021008285865694375,0.016131651935945377,0.0016839772552576632
Gut,0.0009288244397629292,0.0003342883087092664,0.0011300335182419761,0.006716807618087753,0.004098066175845808,0.07288302481753063,0.032936662796435055,0.32236718818812404,0.017326731327557493,0.06339293070797172,0.033450056175895304,4.3175346173384716e-05,0.17272159183020683,0.003794902082324331,0.0771874781084261,0.007384280385537478,0.00702595825250735,0.0038071885541349176,0.01052206740336766,0.01169913980815746,0.013767498070360268,0.026421382187037785,0.10542920645005775,0.004631517447546696
Hepatocytes,4.1631587165058235e-05,2.843621039821219e-06,3.0544486064762784e-05,9.841922031388897e-05,5.735336957560849e-07,0.00028852138988810495,0.00019321774932427413,9.01719292430599e-05,0.9883615843274018,9.621043774732118e-06,6.012293955329965e-05,1.5480340467427445e-16,2.8497286153564082e-05,1.2495832062592756e-05,0.0013392305171056012,0.0003452668188427932,7.723602541521905e-05,5.003217175615133e-05,0.0003148297113655927,1.549224594582094e-06,3.84631657703212e-05,0.001443562399135899,6.599273405389704e-06,0.0071649857469276304
Intermediate_mesoderm_and_kidney,0.0007471496901699909,0.0048675918716465745,0.0031218752114151346,0.006539931954884997,8.749416113935787e-05,0.033953036948916146,0.0679570656711913,0.1299426847378931,0.0017546992664202094,0.40795510810216223,0.004512608495159861,0.00017959035089553806,0.06577567724398214,0.0012218924180245334,0.10597897269784853,0.011338165906428605,0.004429257919102185,0.003029113155125152,0.011639120932316463,0.02074864124168309,0.050980560235249196,0.018514504566747702,0.03767804038202871,0.007047216839569214
Intermediate_neuronal_progenitors,0.012025405860539,5.600875068890147e-11,5.270683633432897e-11,2.1746460563786735e-09,5.968284997167364e-11,1.404340223941915e-08,7.391628414900789e-08,1.0636955677926959e-07,1.1412315734157246e-10,9.603384919968364e-09,0.9875854424357101,4.798570816903724e-14,2.3053512830578688e-09,1.3762741184615053e-10,4.817096479643632e-06,6.6286377532818e-09,4.7167888188432253e-07,3.451509715479536e-06,0.0003383671632275939,1.7193957665983987e-10,4.1819643951607634e-05,5.889770550865609e-09,2.4550308876894724e-09,6.332934841568748e-10
Lung_and_airways,3.484926013902127e-07,3.8645628269663243e-08,6.032208437671822e-07,0.0004590597079342431,3.507063897185781e-08,0.0071361071648233885,0.0006277495596125313,0.028459365378138216,6.771147893303882e-07,0.004170231642724417,1.4934438903572636e-06,6.133433495628084e-09,0.9553647319884204,3.9261377516999484e-08,0.003122154714305219,3.2504548509745856e-05,9.399238753152043e-05,6.8155988797149385e-06,5.002849284563203e-05,4.5786201410806594e-07,4.547042086210424e-06,8.151040968929971e-08,0.00046699349965957204,1.9375189023008642e-06
Megakaryocytes,2.013906225725356e-05,0.000327982868602093,0.0195574342921138,0.006397722501631052,0.012982285068147765,0.0033489466717474417,0.0008868727831566841,5.58957377230922e-05,0.0009763204921452211,2.9805267971886824e-05,1.6327115226975584e-06,3.243114803912803e-08,0.00012270108951721863,0.7611300048248485,0.0005217680384826639,0.0013015923972551347,0.00011940469522259511,5.514046788675528e-05,0.00011804392385552906,8.377266600070533e-05,1.522896180890336e-06,0.022269579632593677,0.04661240989416535,0.12307898958582397
Mesoderm,0.0007648344407428848,0.0007433262449643618,0.0024218735551744825,0.006440443275690253,6.171381222677519e-05,0.026870635531987958,0.023295396299579916,0.03215659321507942,0.005997840150493335,0.012901695091094052,0.00453826306971075,8.425222536753139e-05,0.0665158462150592,0.0012267160591205686,0.6481183589443211,0.030569932515865473,0.006620852560635424,0.0047569878956466105,0.007745003580827662,0.010162477102619133,0.011614455522723974,0.016904064921530276,0.07638940005460741,0.003099037714931399
Muscle_cells,0.00046375276071396524,0.013647203783805406,0.0017968350449910951,0.0015080936051997638,5.096742265628478e-05,0.010619836278359501,0.01819844603958313,0.010252242314711743,0.0009225966945982058,0.0018990976431011637,0.0020786412745864846,7.117064122306955e-06,0.007561439432010394,0.008529657779338144,0.07268126548644653,0.7908435128705018,0.003204015887781896,0.0043927572253829,0.004474430026918928,0.009812427076988182,0.005421557176864991,0.0052524424959141955,0.024750835147280135,0.0016308294681428798
Neural_crest_PNS_glia,0.0019750920897668857,0.0008271407502656712,0.0036132957031599754,0.004098900561026376,3.794681803467009e-05,0.010170723230238144,0.020890574735173237,0.006662998760832363,0.0013646210900304075,0.0016125190175592095,0.042755718932240325,1.9928909591458532e-05,0.02647802585042817,0.0024094199568996757,0.03998933700518482,0.005089881323537523,0.6334307739128625,0.03477450059847205,0.011159359388186454,0.0035959321252177516,0.022683284995289637,0.01898965969391334,0.09483672602602033,0.012533638526069004
Neural_crest_PNS_neurons,0.007582687920655793,8.929161587205604e-05,0.0007750094088029543,0.0006865978491253233,2.1728309062210875e-05,0.003968278023487023,0.005469429878988774,0.002704684442490384,0.0011000668378830895,0.001104234622901078,0.0181807730166469,2.2508630065694897e-06,0.002897365308048136,0.00018760432796794847,0.006963960962178494,0.0012617416460209074,0.019823104529648587,0.8520412015150753,0.003133533816414181,0.0006444464214070125,0.046596099599744034,0.006253996985900074,0.01720397207902238,0.0013079400196507943
Neuroectoderm_and_glia,0.019351069984960053,0.0004739128613821792,0.002553851954633803,0.002994651145226671,0.001413227372172101,0.022143747054585303,0.30804689490807247,0.012531370637418304,0.0016280556790949292,0.00852529753068694,0.09616212348805539,5.3575392804335636e-05,0.011353773710794338,0.0009877366808550086,0.0399001524198636,0.00600118550152015,0.015132108632754472,0.006161465194406742,0.29453180915732047,0.013505611405661495,0.029265224735792142,0.02504975304947216,0.0768916278115444,0.005341773690922547
Notochord,8.912545219256435e-09,8.032415154055851e-10,1.3406120433709458e-08,2.282469464098167e-08,7.219959231789271e-11,1.0678954643961715e-06,5.676393171202678e-05,6.734289741964339e-07,6.528129483218998e-09,3.1637322006587094e-05,7.503287820968025e-08,1.0981177588904026e-10,4.2444388981591555e-05,8.123537759768643e-07,0.011485186213299456,0.11177135071887177,6.206172694048448e-10,0.00016122527907443755,5.4867287572267976e-09,0.8764478417607265,5.833091550983724e-11,2.288129228934489e-13,6.172572072326159e-11,8.62789860663159e-07
Olfactory_sensory_neurons,0.02265157546104157,1.5257951387775485e-06,3.799625111930498e-05,6.917084087940017e-05,1.0342085922788424e-06,0.00038752425385548366,0.0012323905223879672,0.0006542513716164623,0.00021859613436917024,0.0002652377583441243,0.3234905892188493,1.1782312879861359e-09,0.000132675500674104,0.000254343903587358,0.001030597833745804,0.0005762844218678175,0.0005396229669980738,0.06866724775594452,0.0014396472805646185,0.00035998207678773856,0.5739969003796409,0.0017029322883042705,0.0021198650314556856,0.0001700075660039087
Primitive_erythroid,2.989631063838265e-07,9.14130811726915e-05,0.031464875270408664,0.003086418197862702,0.0005578409857237784,0.0015341906366293017,2.7356891680783162e-06,5.149855241739906e-07,0.0022918130654255553,4.19875966797438e-06,2.5312579478172123e-07,9.232081364950724e-10,0.00012726037160891052,0.0058629970115034805,0.000980062193788307,0.0006980859441965306,7.288706668959163e-05,2.653079933465572e-07,0.0001227816121688835,1.1931091336735147e-07,2.4425287090430767e-08,0.9418563404175636,0.00026476238132675347,0.010979860273267895
Primordial_germ_cells,2.5442830020769694e-06,2.6262179699004565e-05,0.33198395313719953,0.0004009521210114662,1.4295582648331375e-07,0.0005270002866314904,1.8232140032658403e-05,0.00015535706161520104,0.0005402862434195519,2.3901452508936014e-06,3.791545844025897e-07,4.618768970362783e-10,0.009885622171262242,0.00028493252416895764,0.0011179457632015167,6.520860904433901e-05,0.0003816138771712968,2.150972428251673e-05,0.0004336393314325264,6.158980239185216e-05,8.216065893333978e-07,0.0001402674385934649,0.4819408944811059,0.17200845450060653
White_blood_cells,0.0002106299884123435,0.009752305878678291,0.07960678410767628,0.013006806003913957,2.0378454212879643e-05,0.00235073494562878,0.0036048725154121082,0.0015915669048469224,0.014457998386369141,0.0003895491425522531,0.004403377757982524,3.949531256364438e-09,0.0031288814772967408,0.0935088444000909,0.011384574372846805,0.0007897143726231543,0.0022392223418346998,0.0006938736572156474,0.003748831232630383,0.0007964581374019333,0.0001584336815075034,0.11256628163595556,0.17432672779995564,0.4672631488554243
