,CNS_neurons,Cardiocytes,Definitive_erythroid,Endothelium,Ependymal_cells,Epithelial_cells,Eye_and_other,Gut,Hepatocytes,Intermediate_mesoderm_and_kidney,Intermediate_neuronal_progenitors,Intestine,Lung_and_airways,Megakaryocytes,Mesoderm,Muscle_cells,Neural_crest_PNS_glia,Neural_crest_PNS_neurons,Neuroectoderm_and_glia,Notochord,Olfactory_sensory_neurons,Primitive_erythroid,Primordial_germ_cells,White_blood_cells
CNS_neurons,0.9292569340736526,1.887758335457612e-05,0.0004040612917549917,0.00024799551946657895,9.755761500941535e-06,0.0013140496121461665,2.8886643682348902e-05,0.00012132786886284205,7.748483190224339e-05,0.00012444680274211782,0.006555502895782179,4.5256644821478433e-07,8.464359944399348e-06,8.025219150278131e-05,0.011224722707473343,0.0006044345326634839,0.0006791189211852759,0.015011365816643774,0.030398721465115186,5.158096528270522e-06,0.0011905796358365338,0.002153747524007828,5.718745907855329e-06,0.0004779405518954091
Cardiocytes,0.0030586223628225567,0.8047897810846886,0.0005531856027897742,0.00027227521936517657,4.815710421688954e-07,0.0006728203232015325,6.539260164711229e-07,1.177834022477735e-05,8.410942345558064e-05,3.732260387183547e-05,1.922132709365038e-08,3.0394694906357564e-12,5.774648367081705e-06,0.00012491178290041055,0.0688440077757851,0.11977602392185725,0.00011646661590798231,0.0001681611485715889,0.00028262235791572793,2.831086492350466e-06,3.5074749372825586e-08,1.785733778340967e-05,1.29366116543269e-05,0.0011673219561702786
Definitive_erythroid,0.0010526170850590438,0.0014220271119699491,0.6005691826886247,0.0033455770133736422,7.4161206792358015e-06,0.0033476263886789296,1.4769270674424225e-05,9.233668879602867e-05,0.008460591463986925,9.699426204970703e-05,7.498781013888227e-06,4.07186419463416e-10,5.634602293024083e-05,0.10657743259760799,0.045558459608745,0.0010774128498724004,0.0037582700236834994,0.0007211869744440598,0.017641825427963078,1.647136361670697e-05,1.9280271127648365e-06,0.13474713133381117,5.608146911399083e-05,0.07137081701900613
Endothelium,0.027655318962738977,0.0002840982402529716,0.008783170207334826,0.7566980879177542,0.000136292455100294,0.008022095245950765,4.432875087157111e-05,0.00038949075045194894,0.004122243815439646,0.0009151299793518855,5.847685802673605e-05,6.346912320803662e-07,0.00014264708743966283,0.006709653560038645,0.1114169382708456,0.0032601848466680297,0.003111000471245199,0.002573244095109657,0.012665735824835182,0.00014274858705052163,5.908752097672293e-06,0.019464632906807493,7.743929908973032e-05,0.03332049842426674
Ependymal_cells,0.28169271185698397,8.810672391999602e-05,1.2863328190681661e-05,0.00045353040067595905,0.4189200078862617,0.00712587633672878,0.00010633043650021292,0.01624484537012875,3.613149580671e-05,0.0011112731816659688,8.823687329318206e-07,0.0012161969136330862,1.6165747998808592e-05,0.00024399100078531313,0.08087053102796325,0.0010970383818572382,0.000137046488017958,0.0037772690191466883,0.18484093141093907,1.280472922001435e-06,2.9886245837084037e-06,0.0012198936821561507,1.7944997703109637e-06,0.0007823133446307215
Epithelial_cells,0.03490053455142166,0.0002953846094664187,0.007765552417549923,0.005201268423845384,0.002718108912011531,0.5280157871257576,0.00044398469176638823,0.006632648808200861,0.006753622952829062,0.005907179263425499,0.0003929433257408699,0.0003747125992123423,0.0007012029458045288,0.0015397195085699996,0.31052261282556454,0.0221104545185461,0.004855276502876569,0.003936228303260929,0.03573054412283678,0.0002561296543745486,5.393534175802967e-05,0.014319720535812533,0.00014592328662412703,0.006426524772743823
Eye_and_other,0.3484766814614905,4.131399731148085e-05,0.0005729923777994972,0.0011484559036590179,0.0014623510790967075,0.07766492738995755,0.0037925381110010085,0.0018132494470071338,0.002767727271081341,0.004931605468110975,0.005826368052283685,8.022871119697986e-06,0.00029762348560838457,0.00013178758798315654,0.24540753896987552,0.00907156159452783,0.007788400240127684,0.005924036782939069,0.27187523505493455,9.734884863278931e-06,3.6375466499535056e-05,0.009831823502512462,1.4321131994075157e-05,0.001105327868215821
Gut,0.03212897676298057,0.00026096681567909947,0.005171924546547178,0.005207013985271359,0.0004563103762420095,0.09492741750920307,0.00015051525310492026,0.09366683894580968,0.03297756059364449,0.024251405685643428,6.644610039372043e-05,7.271598917771666e-05,0.06095382982823788,0.004699735179484314,0.553630500547229,0.019760963357273845,0.0043459364629524514,0.010889870450204665,0.032845908841699,5.883523450489578e-05,2.6041533086392324e-05,0.018283591536821377,7.913656303565926e-05,0.005087557901773281
Hepatocytes,0.00026891360180255464,1.9780914047811955e-06,8.116119717196761e-05,7.261201245750283e-05,6.47703927932619e-07,0.0003142224159612811,1.0596895664941483e-06,8.273361346717658e-06,0.9868437053409633,2.886151378812668e-06,1.4242809813910796e-06,5.2801618573200945e-17,5.745823160439339e-07,1.1090110094321225e-05,0.00334666203762957,0.0003762767883641669,7.514004393097011e-05,4.779447045504174e-05,0.0010088152486641304,1.2056029954133743e-08,5.486437545187438e-07,0.0009353478091457438,1.1084729580508064e-08,0.006600843277923198
Intermediate_mesoderm_and_kidney,0.016687400633411276,0.00017923253465899097,0.005290357394216687,0.007864728567323547,0.0020203765009213564,0.07898140695999147,0.000631746952208223,0.03454262762093107,0.0032832643471725764,0.23754519216129955,2.3943804982166426e-05,0.0002991027721588887,0.005315601358254386,0.0020068883889084077,0.5171009300389764,0.021372413255493904,0.0030835042697189567,0.0055849864128707715,0.03878284244417299,0.0001024664961386247,9.40972167563776e-05,0.013212790708243886,9.222092918725486e-05,0.00590187823200222
Intermediate_neuronal_progenitors,0.9565490069770258,5.443651188792505e-10,1.3159336093026942e-09,1.572775717319509e-08,9.610730172055354e-10,1.8313179232088812e-07,4.641143113553794e-09,5.794553569278212e-08,1.2954150220835857e-09,3.6167340032193087e-08,0.029327652042519397,1.438397497014062e-14,4.838751158346451e-10,1.5728155743268495e-09,9.550983849608647e-05,4.118944907845142e-08,5.225060348544514e-06,2.853653913517223e-05,0.013985748668261907,1.2604702243642247e-11,7.93270025093909e-06,3.794000918844483e-08,1.1469618007974142e-11,5.233369392821657e-09
Lung_and_airways,5.6306449281626245e-05,1.511201467841377e-07,3.036035181172178e-06,0.004902237071494622,5.519460702068862e-07,0.05653696107648609,9.406286108550894e-06,0.02075492021946577,6.6412548813593685e-06,0.004051737002278086,1.44944663577778e-07,2.5117658943645924e-09,0.40080240177166,1.7885199013976929e-07,0.5097648477017523,0.0007429795769833085,0.0005538126543687439,2.8555641483624483e-05,0.0017785553269713495,7.446001823925325e-08,1.41990454270291e-07,3.199775433745199e-07,1.7917591236059852e-06,4.244369827285592e-06
Megakaryocytes,0.02393044565948648,5.732222417067988e-05,0.0901683362797906,0.0040099464609529316,0.000681650199568067,0.000825100351453291,9.13000018390349e-06,1.1809456898015654e-05,0.00047631678063140805,2.3428230967931687e-05,5.644339677645247e-07,1.0317462141350557e-07,5.043450663433603e-06,0.7351710926481717,0.0025358617561276812,0.00408132348420917,0.00029112719831894863,0.004113200325611599,0.0010880758529130358,3.6351761961594925e-06,9.957263892968617e-08,0.021946438128650395,8.101023409381525e-06,0.11056184813039703
Mesoderm,0.005174229816794451,0.0003187356906146979,0.005455754633963882,0.002158955461548888,3.46169293237151e-05,0.008194104905112503,4.053089258269121e-05,0.001118426451975432,0.0029752866273980183,0.0017997270334695278,4.053685886735632e-05,1.947519688079115e-06,0.00047731534606204487,0.0006107454527277935,0.9257789548594776,0.015982333883628116,0.002341207588317719,0.0018902994256370215,0.015324255828280271,9.473733907689373e-05,2.9981833725736845e-05,0.008225109561937644,5.490603338894923e-05,0.0018773000264010326
Muscle_cells,0.004553036023143947,0.01032012371617682,0.003546381284552047,0.0006936415155544626,3.969552001153001e-05,0.005736434606192739,3.461437662727383e-05,0.0004905753508256352,0.001841599082207007,0.00036361299926415956,3.0299371602913055e-05,5.226216549135872e-07,3.805639221173244e-05,0.005758928375615813,0.19205049482593614,0.7557644563728225,0.0016250074355773358,0.0017535524244013327,0.011796893113436596,3.6016351854687695e-05,3.5069895248696626e-05,0.0025955046214372088,5.1301083073083776e-06,0.0008903536153372139
Neural_crest_PNS_glia,0.03157442650381291,0.00015707113868348793,0.010676091934743007,0.0022050781470652567,4.510691498746936e-05,0.015733364183332897,0.00013838802296683026,0.00150029609865099,0.0024819472961478965,0.00120488746124782,0.003123629682147826,0.0004877106159303173,0.0034660325050719387,0.0018457932406746472,0.18385388528537763,0.009361312256887236,0.6290594025044597,0.03307476847009841,0.04993985716310294,0.0001238075576093368,0.00022540372776013029,0.011374483247969592,0.00025321297479284036,0.008094043066478911
Neural_crest_PNS_neurons,0.04901514719196542,8.947326057145882e-05,0.00265176598935836,0.000515475923533129,1.9599543768283097e-05,0.005364117312551601,4.3956258283470265e-05,0.0003684817445182821,0.0004884209998877431,0.00034233934246925737,0.0022194487986038937,2.2562446807428348e-05,5.586290942722735e-05,0.00020373418339707656,0.03700990247566922,0.0031573000433591483,0.025838508201254592,0.8488400281465285,0.014216464580593738,1.5317605881039153e-05,0.0041283205779375125,0.0038371772360502785,2.2686878428677402e-05,0.0015339083491546863
Neuroectoderm_and_glia,0.10538100441809305,0.00015620014501466776,0.006479503588646801,0.0016837707912177968,0.0008562028493540417,0.019677393592242493,0.001399992632098092,0.001613375149640986,0.001807820388138115,0.0021942610212752445,0.0017530624663767618,8.009743186878965e-05,0.00023990729561273628,0.0006127920494336739,0.12626024176715306,0.0096855761999463,0.007865017648205876,0.003987435431653542,0.6906352144735101,0.00015576497002091997,0.0002728436761769861,0.01331548763101165,0.00019975953935038804,0.0036872748439579703
Notochord,0.07760529212322491,1.9259418858169923e-06,5.820787458635546e-06,5.089459950239684e-05,8.998961780051569e-07,0.0017159007239644724,9.740842567221034e-10,9.462927109386312e-05,1.2438824329625286e-05,2.7867128637150085e-05,1.8515727821274376e-09,7.748119507102805e-07,9.348280504758242e-07,1.3621733727317141e-09,0.5094371432918142,0.08836564412793046,2.446367657105696e-07,8.699424134109682e-06,0.05840229982241962,0.26420262429447816,4.3119403403879996e-13,8.505309214230634e-14,3.2104005565415563e-14,6.596127780292292e-05
Olfactory_sensory_neurons,0.7035138120739234,1.2654104663918146e-06,0.00012203536070358784,4.286441320374225e-05,1.3336918053742656e-06,0.0022162378645753465,4.570560648430585e-06,0.00013321214854401055,0.0017163135611937702,0.00020451053888631437,0.008324743378402928,5.5703151294646124e-11,1.943497894298505e-06,0.00016927284278041033,0.03522076512689468,0.005335432560537536,0.0007879166055464981,0.14584978152375086,0.011174961167579402,9.22489649223898e-05,0.08417293560699286,0.0007312476050574812,5.3051764698527e-07,0.00018206492234021357
Primitive_erythroid,0.0006279383319306583,3.124403999026701e-05,0.055666173068981174,0.002420010832986784,0.0011315819992193778,0.0008528242784547864,2.05154372179924e-08,1.0457278096413964e-07,0.0011158399695749264,1.6436110324354751e-06,6.526493808701285e-09,2.0443469894344578e-10,3.869807159890904e-07,0.0028073961020112235,0.001659255419634635,0.0008557151038330951,3.1240020023536796e-05,3.387960657615423e-06,0.0002603420676365469,5.7602742481530245e-09,1.3228701955861904e-09,0.9282468303932881,2.4162113202770838e-08,0.004288026755624507
Primordial_germ_cells,0.0002235745424105555,0.0007088100095948004,0.8406595848513055,0.001725339273754678,6.976919650583535e-06,0.005493082200325934,3.6118557589054222e-06,0.00016047856659878629,0.0029836484012462604,3.6631692733105595e-05,5.79056079930067e-08,2.781953617909411e-08,0.000906788720040079,0.0005122540109425763,0.0385632293488259,0.0011020987253757936,0.003676202988551592,0.0002660243752073139,0.014336946018997118,1.916027226544887e-05,1.0540837189427693e-07,0.0017770913611016266,0.0033843725643901866,0.0834539021674071
White_blood_cells,0.0020796767373791243,0.005331562242873074,0.26709740088078265,0.007656599420742368,3.599448113176971e-05,0.0039748323838516425,4.1895425016788566e-05,0.00018279088262681777,0.011615772545819362,0.0002507633923382589,1.9308755656881156e-05,8.53184155906356e-09,0.0001064683451782119,0.08821521520565719,0.03869357580935757,0.0014997302585803042,0.0032595905704789247,0.001095958473654008,0.01854625649577118,2.907675848469647e-05,3.0239507063028082e-06,0.10733053032013919,0.00011908294291400117,0.4428148851890181
