,CNS_neurons,Cardiocytes,Definitive_erythroid,Endothelium,Ependymal_cells,Epithelial_cells,Eye_and_other,Gut,Hepatocytes,Intermediate_mesoderm_and_kidney,Intermediate_neuronal_progenitors,Intestine,Lung_and_airways,Megakaryocytes,Mesoderm,Muscle_cells,Neural_crest_PNS_glia,Neural_crest_PNS_neurons,Neuroectoderm_and_glia,Notochord,Olfactory_sensory_neurons,Primitive_erythroid,Primordial_germ_cells,White_blood_cells
CNS_neurons,0.9183206404971092,6.191591079539102e-06,0.00018079348654512608,0.0005070759131698746,0.00018646329097327165,0.0013761385114308235,0.00015144300161509512,0.00010169845166627444,2.2414345575005395e-05,0.00020636108475935295,0.00654599152756812,4.51276711573244e-06,6.642783662853837e-06,0.00034951971027702536,0.006682888958832635,0.0003904582634598101,0.0009080147568405511,0.011285491099367283,0.049902937473512834,6.268404727032164e-06,0.002433534903817282,1.3867463845180257e-05,1.2903871505132346e-05,0.0003977478415449932
Cardiocytes,0.00034328108113521017,0.9638187995181383,4.957158864406117e-07,0.0001535021601052367,7.018226790921105e-07,8.760247246597218e-05,1.5506317544714992e-06,1.5612118837204934e-05,1.2041623302561317e-07,0.001051169017208303,2.009304745516101e-07,9.499107386854434e-08,8.982486679190082e-08,9.319571851700425e-07,0.020171743116307966,0.013864396298064574,7.92982618751505e-06,6.582658973026016e-06,0.00044670029237771467,7.010925964227923e-08,9.843957938903896e-08,1.2218075224315516e-07,5.768551213641095e-08,2.814673494219529e-05
Definitive_erythroid,0.00239735687405547,0.0012686355496472656,0.6367495289340676,0.020543469856120596,3.5810602565433773e-06,0.018617118448103487,0.000207256736947665,0.001632075931995168,0.0015581960885500503,0.0005191464047693093,6.203451126295149e-05,3.7575891372651064e-05,0.00011936181247401069,0.025925173426753486,0.07716089765029298,0.007956280659642651,0.007239560391771264,0.0014060237951423332,0.04351886891132628,0.00014502094358602406,5.368601444056857e-06,0.013265803934174994,0.012146074762379267,0.127515588823864
Endothelium,0.005268324951034518,0.0001101548326277433,0.0032315326016329367,0.8910545649965141,0.0003627551997291962,0.00862907204845734,9.070449417382265e-05,0.000740278731663809,0.00020546743842006826,0.0011219100075815147,5.564715657135193e-05,3.49706445622511e-05,8.434634729617268e-05,0.0005697438954593038,0.0545011642776594,0.0018892460481894982,0.004449311447448128,0.0007575948715492614,0.01739279658554685,6.29704629229132e-05,1.3013394769529727e-05,0.001471305820726804,0.00012022070586656465,0.007782903039596871
Ependymal_cells,0.04665864059242372,0.00019378337936163116,0.00011705946461874443,0.003053691805917435,0.4976194585897807,0.04371741226900352,0.0004994132691450611,0.0005116549799953223,4.481376335246469e-05,0.0323543832755147,8.855349354365248e-05,1.4961456414043278e-05,3.930607467710237e-05,0.0318918214495392,0.036746045863962205,0.0013947700484482945,0.001124019220776899,0.001972749279170603,0.2998860946055738,0.0001618491882082811,0.000414202204867111,2.8499131675227433e-05,2.756215754065033e-05,0.0014392544364896244
Epithelial_cells,0.017430759947222797,0.0008833604505824956,0.0027175513066296825,0.019696209558066564,0.0007185172281715779,0.6425273411367262,0.0009176130396476978,0.012924807131991504,0.000610680435113225,0.009812867258138847,0.00012937639243656423,0.000411034823176551,0.0008513663769659155,0.0005593199160324198,0.17885653654952086,0.013075910494266554,0.012627325006857237,0.0043204217170395446,0.0718623622462385,0.0011521344991781203,7.79198525432301e-05,0.0001837605957716889,0.0012605118085751218,0.006392312229107198
Eye_and_other,0.21631973152006156,0.00016024827107497184,0.0011106978975249345,0.005075832052484588,0.0014381700168678306,0.0702165982697525,0.07800514489086041,0.006370434266311144,0.0003626729996279263,0.00571079895567383,0.0015676331719166859,4.7956136413093135e-05,0.00015323024594400254,0.00015820794697852644,0.11771577955964091,0.004988625797903552,0.01157853787715406,0.007932545859345046,0.4676359438579878,0.00011652676395045837,0.00034200034449671107,9.608094408074656e-05,0.0001796155757146141,0.0027169867782341284
Gut,0.029498155251274888,0.00014707740522580562,0.0022532055883002296,0.03787624585909388,0.00047212159623528986,0.21467431583742044,0.000763200131708155,0.1528133054314991,0.0007086472698518517,0.040160877066045486,0.00011252722833939335,0.00021868116871205794,0.0346356008225165,0.0009046678025358685,0.3125713270642662,0.014775428467415651,0.025359843746258017,0.02150265383212386,0.10061859664819381,0.00015620384288318658,9.796566472039132e-05,0.00013864823716105287,0.0009499459136099878,0.008590758124608903
Hepatocytes,0.0005740953381611831,0.0002697259717473649,0.0067813888739874,0.019006533179688936,1.3990764684163104e-06,0.009011438873017138,4.4473449681227516e-05,0.01361845872966365,0.876567942788335,0.00011148852138198963,1.3659479653850381e-05,7.499127459702927e-06,1.1141675497545371e-05,0.00013794864667844887,0.027608926803963395,0.004068744289956033,0.0010029519713652358,0.006378564394261239,0.008123836322555502,2.797677316587551e-05,9.64464770220266e-07,0.011918411359054498,2.3615184087722195e-05,0.014688814705398394
Intermediate_mesoderm_and_kidney,0.018146852357478385,0.0003942733817810604,0.0015035107769193683,0.02503261201367824,0.0011119022001104782,0.10205841247868577,0.0013766429867268612,0.0179214611144999,0.0002968426614330483,0.35593373223059693,6.62591058328689e-05,4.19019496148235e-05,0.002699954018090549,0.000714124193210495,0.35287127532932244,0.018974690107770472,0.011296059207970876,0.0036706035685084557,0.07652250814870491,0.0032151234914007004,9.737469547337604e-05,0.00017092720679786144,0.000302672973685565,0.005580283801706544
Intermediate_neuronal_progenitors,0.5750447624185999,2.530810392677562e-05,0.002250844656757564,0.003251372900146439,8.192292785898457e-06,0.006655225660482638,0.0001161004861366289,0.0003333191045118782,0.00017810377524396837,0.0004846929609149808,0.20466059846772938,4.08039348965895e-05,4.1699878144836004e-05,0.00015289483716444613,0.04481457261508322,0.002355623105064769,0.004222240847259915,0.0025144343290712874,0.149562659805762,6.996704315061015e-05,0.0004894841208900033,0.00012836345082312885,0.00015310605821811863,0.002445629147235031
Lung_and_airways,0.005155396538169828,2.7350083270934696e-06,3.164894442625241e-05,0.01948873833318805,9.942858701002349e-06,0.19937005525995724,0.000825682188137212,0.2558441636842448,2.7868647627124706e-06,0.0023498916293253555,3.4688488435068956e-07,7.811803441880445e-07,0.42277076780217815,5.988611478451562e-06,0.06720418947193708,0.0006297944781437644,0.004180734334564066,0.00015582670660830856,0.021725527580103113,3.38504515372633e-07,3.938703218059429e-07,1.4190768367991831e-06,4.86100468074892e-05,0.00019424014203749544
Megakaryocytes,0.00153939755722462,0.0017840279290450185,0.061882179809267523,0.02314475992358807,9.877141062869262e-06,0.003393883411501114,4.3630514083627055e-05,0.00026121710961560555,0.0001776838963145602,0.0002876285142700365,3.0456380315904974e-05,1.2838863114875966e-05,2.3664883589836808e-05,0.7933132245098303,0.0262317886276702,0.00246542656365624,0.0022924967341493153,0.003455754426615925,0.011763235887305686,4.2503417374795345e-05,4.216373567286991e-06,0.000334163557743752,0.0001621908367565621,0.06734375313233626
Mesoderm,0.004682581890222573,0.00031095298013398317,0.001479214761654324,0.011635796212864155,0.00010167223848934933,0.024200674241894853,0.0001893874876455474,0.00286567980622869,0.000283977221653816,0.003059418651238737,7.299002783532227e-05,6.405149931911675e-05,0.0005279217169028238,0.0002458862155132505,0.8973493015407269,0.016057536069327027,0.005554125666179786,0.0017952241540003181,0.026933852689434438,0.00010124748991003035,1.9769262585904528e-05,7.77398239163043e-05,0.00018455732861239965,0.002206441023710378
Muscle_cells,0.0034712121983327825,0.016137974497539564,0.001495353948622315,0.008296462816141374,1.0975207726963264e-05,0.02472734388805871,0.00018623259681972926,0.0018973085148580586,0.000269711226049057,0.00144313934192963,6.68630320595225e-05,2.66020557932152e-05,7.49473350263675e-05,0.0003212658159918889,0.2758978355155264,0.6274476838048624,0.006170186522129447,0.0015977739497163516,0.02788671269489905,0.0001871910879402554,2.1349541332955704e-05,0.0002301535275630117,0.00012741756069400466,0.0020083033203870436
Neural_crest_PNS_glia,0.010187384462699336,0.00022893585610761483,0.0039059298860241133,0.026932664924134514,0.0014411101133361107,0.025546300157493405,0.00040822692765178046,0.0034925777744029725,0.0020120004266664868,0.0013589752712814894,0.0002930126756052513,4.9812957390927675e-05,0.0018280133652926324,0.000883130315957899,0.11111144222009828,0.010781505800144142,0.7028947877354672,0.014034296676611265,0.07219951536189591,7.811132525614233e-05,8.713057947656703e-05,0.001581190326093678,0.000845815891655273,0.00781812896925704
Neural_crest_PNS_neurons,0.03678184510305829,4.293976685665875e-05,0.0010954464544414631,0.0028231763787156033,6.6151642664148365e-06,0.00997402361483032,9.880076048725736e-05,0.0009267562402192746,0.00013115097562440395,0.0007190306323316588,0.0016697188925832716,1.6521574095884533e-05,0.0001287143157843369,9.850429433744376e-05,0.03573595501810568,0.003332047741013923,0.027674947010488334,0.8402227217081373,0.029560556590066882,2.2972055712530617e-05,0.007291225711557122,4.362032714615683e-05,0.0001226790548520399,0.0014800306152877305
Neuroectoderm_and_glia,0.05414363049421501,0.00013791879522586143,0.0019821870366479493,0.003959760301533872,0.0007468437683920039,0.018138437391446133,0.0023215407065200846,0.0013058663272754315,0.0002555331588141796,0.002003404891950405,0.0017087939349795084,3.9384108678216967e-05,0.00012222273659011376,0.00022698970974755189,0.07482568477528267,0.004510309746341769,0.009268953848563438,0.002677777158196635,0.8180596941131606,0.0001228955443509424,0.00015513216742090057,0.00011712835875223826,0.00023172225423465404,0.0029381886716798892
Notochord,0.006858129984701135,6.636983015606428e-05,0.0030901969871952686,0.020424833518479044,0.00013585496342762563,0.21230256554587587,0.0004261867142636203,0.0033534103999957932,0.00012798816895240612,0.009538710116047452,3.500338425036216e-05,1.7317501258202985e-05,0.00013280459095786875,0.00040468928631498904,0.19574706253736956,0.003212398150500442,0.011755822224812057,0.0011759782208398786,0.3469992279536174,0.17834597823587178,1.4571348399685002e-05,0.00012582947964006182,0.0004320448787763101,0.005277025978297136
Olfactory_sensory_neurons,0.5923053000195858,1.112426498030084e-06,2.3237862376689608e-05,6.0017038513517155e-05,5.991898407116009e-05,0.0001491795258333663,4.2998610108444774e-05,1.365184737924324e-05,6.95069044599983e-07,1.631391926025679e-05,0.0017461887251292714,2.41028628885517e-07,1.087954610510079e-06,3.727802761209702e-06,0.0009993872328558284,4.103873270824096e-05,0.00030871035279217375,0.024332495299445114,0.025670923179935967,2.456056609520951e-07,0.35418814265203824,1.0263935292146036e-06,3.775810723049115e-07,3.398215616104148e-05
Primitive_erythroid,0.0015568716844972681,0.00020504288745931378,0.07359477098422455,0.004208776149003135,2.1823870964634133e-06,0.0039554904031565445,7.597196928376703e-05,0.00032589412725241343,0.00036551416099962606,0.00027440700669151215,4.3688083476072984e-05,1.6506624811714768e-05,3.063792232182695e-05,0.0012876330815134419,0.023243613433312542,0.0008014775775449965,0.0015886204709186454,0.0005658460987562511,0.014465621605473034,4.718840114886839e-05,3.934810574658028e-06,0.8639853556612022,0.000242849738025567,0.009112104731255627
White_blood_cells,0.0066902579930366215,0.012855480103787266,0.07727066234361404,0.17922788410503582,2.327182606726343e-05,0.02550443943181473,0.00031386515854648055,0.0025283402597108457,0.0008408743677996009,0.00222468766412024,0.00010329470857110937,9.088394063173025e-05,0.00013481148589166879,0.06025523914314048,0.0873362474668962,0.005810630828214459,0.011974367945156989,0.0017041135153470976,0.048255285904853056,0.00013998310546734885,2.8202820635708935e-05,0.004850194668257564,0.004103013677429217,0.46773396753597446
