,CNS_neurons,Cardiocytes,Definitive_erythroid,Endothelium,Ependymal_cells,Epithelial_cells,Eye_and_other,Gut,Hepatocytes,Intermediate_mesoderm_and_kidney,Intermediate_neuronal_progenitors,Intestine,Lung_and_airways,Mast_cells,Megakaryocytes,Mesoderm,Muscle_cells,Neural_crest_PNS_glia,Neural_crest_PNS_neurons,Neuroectoderm_and_glia,Notochord,Olfactory_sensory_neurons,Primitive_erythroid,Primordial_germ_cells,T_cells,White_blood_cells
CNS_neurons,0.9491979159292949,6.923157430698698e-07,0.00022251574328254384,4.902369397747356e-05,3.7015612344006585e-06,0.00033719952149378,0.00018499975513343176,2.68009269852394e-05,2.4064043616898736e-06,1.0966777472316115e-05,0.014390787527493412,7.15698909818767e-10,7.346196739017459e-06,8.175819299103901e-07,4.360357833480729e-06,0.0019680676621809056,0.00013997570610428678,0.0002192322053793492,0.0014926583240989796,0.02939705822274027,7.458560492583561e-07,0.002206756797419477,7.579676313918895e-06,1.4080692789716587e-06,8.973818215900903e-08,0.00012689273357885215
Cardiocytes,0.01078175339117624,0.35115723443592833,0.0016775292393944171,0.000919950566522905,0.000728518266453999,0.037696550073291625,7.398688908602722e-05,0.0017478067217409497,2.4118830855637205e-05,0.001984512123809743,5.534898231944701e-05,2.958363096849756e-06,0.00020530868575174434,0.004318201281722128,0.0003829558406427641,0.03945302065577842,0.49007401954742286,0.002403932297740307,0.0018745154814221925,0.030942848617891844,1.5901813934430012e-06,0.00011776569862466496,2.9997826208345904e-05,0.00010446832635040693,0.0003426711058863592,0.022898436569488353
Definitive_erythroid,0.008639904291954006,3.1636822519306036e-05,0.7177663904764615,0.0036578653392601635,5.478842636396908e-05,0.012653197040196804,0.00014632273295754692,0.0008331581435579772,0.004877757127526747,0.00016953840888906036,0.00036161956945066905,1.0960987486263515e-08,0.00032824626313806725,0.0008534842018419443,0.015890936452737085,0.06382379344216298,0.005130563259599081,0.006053654864367863,0.002004807477580151,0.07178052974108283,6.744263464046667e-07,0.00023100702697128624,0.029114745557687973,0.0002511100480362762,4.197342691724045e-05,0.05530228447140555
Endothelium,0.02794067108240575,5.190179067409451e-05,0.01862112751360078,0.6354837829747878,0.0015860182007011463,0.0316100185902693,0.00011207507889952385,0.0030621890023810367,0.003263694605406393,0.001453299615384991,0.0002934964638019508,7.99648364187659e-06,0.0033955112048351353,0.0007118398583318807,0.0009668622817442997,0.14564735765972686,0.007764118498887361,0.009319305150232765,0.0018921062035551757,0.045496335799157205,7.139987494898658e-06,0.00017340818383892084,0.002070207554542413,0.0001731001198024513,5.9068714218048735e-05,0.05883736738167793
Ependymal_cells,0.06224128289572994,2.3568668566570377e-05,6.49998474844526e-05,0.026925426730330246,0.5581133941793214,0.06059522258081954,0.0002776513268230489,8.502517965363835e-05,1.4935211595674719e-07,0.0003082718127132844,0.002384590653173507,5.054592471030617e-12,6.652168115411828e-06,1.6812125941207099e-06,2.2548563050735496e-05,0.017322158391929077,0.00015316273258122884,0.00026471802255284544,0.0002912147871607579,0.2691335977132717,1.050498551677219e-06,0.0015548413533299451,8.470190525453775e-06,1.233006560669737e-09,6.36413674580237e-07,0.00021968348786984292
Epithelial_cells,0.04231956326559371,3.938652042976685e-05,0.006774113074002138,0.0024267501020182386,0.0017089899684657717,0.5913040850358507,0.0010980435633114868,0.008382662586864945,0.0005671323374743033,0.00198924924378567,0.0007131675494043766,0.00021004361134645367,0.0048099548229018395,0.00016389905459385904,0.00018472296034984903,0.1630681200319671,0.015913468684387356,0.012720382878367568,0.0028630667836740172,0.1350005926515748,1.9024979922285578e-05,0.0005657110811099951,0.0012170800848011884,7.549764506074825e-05,2.8665346649189968e-05,0.005836626136092574
Eye_and_other,0.22307527070536914,2.3039945523099145e-05,0.0006420139690512243,0.000612534640966987,0.0019325906182539475,0.017921179537230332,0.1692491621178104,0.0012896228584707702,1.2160299777999679e-05,0.0016052278228163735,0.00378358527175887,1.4091049255196689e-06,0.0002079602418724914,8.163776512552849e-05,0.0001403729111520003,0.037121221431901795,0.0022971576550803894,0.0046183476235431105,0.020797902723090244,0.5111015440238617,4.765814084053579e-06,0.00033635363805587957,6.531013060969749e-05,1.9253102441317758e-05,6.2151889338668186e-06,0.0030541608582932817
Gut,0.05530475996209167,3.189993251251012e-05,0.014113443389686743,0.0028315350779208374,0.0008428039420827139,0.18948025311464778,0.0006832444675127739,0.10252201928885564,0.001286530820370204,0.003837112197623158,0.0006824777562311413,0.012336113972269688,0.0666527127790008,0.00028656643237473864,0.00021817806488295678,0.32375957382933146,0.03840639674878319,0.0219103332080914,0.003555839518985085,0.14740724324841276,4.671612544330529e-06,0.0014028269286726883,0.00015738646625184808,0.00014437187402979064,2.709155970960145e-05,0.012114613807124475
Hepatocytes,0.012689332043419987,1.808883582202402e-05,0.004765589092723773,0.004236663081026398,4.872194964846377e-05,0.007522183212959919,8.153695392270122e-05,0.0013835582175773195,0.8805167373636466,0.00012974660341308526,0.00015987820550722844,1.1268192748442644e-07,0.0001194622123004322,2.9935191263049835e-05,0.00011574585700512332,0.03586645674131899,0.0019128672356703953,0.0024356755059998397,0.010844328069547896,0.030044388860289734,6.306088732960459e-07,7.082475834484983e-05,0.00015345149788574482,5.389953182343567e-05,5.324402809148454e-06,0.006794861285273171
Intermediate_mesoderm_and_kidney,0.07384058966940538,2.086289388509069e-05,0.0019845990823752083,0.002076296173411063,0.004407178224771481,0.1266286694110048,0.001230465037695691,0.007644487217770849,0.0008309104164770551,0.20769922811688485,0.0004499550932139802,0.0015266455288110035,0.0008289252441656249,6.731379957390779e-05,0.0002588046528734972,0.4002016259241078,0.021281484900150523,0.005999547072448854,0.0026707258559480426,0.13211362303308857,6.460364355670408e-05,0.0024787418527843423,0.00010612647939949622,2.4358163941870566e-05,3.268621790203322e-05,0.0055315462943522934
Intermediate_neuronal_progenitors,0.4891888772002255,6.531844258356425e-07,8.094697072014567e-05,5.433453015144609e-05,3.0915902993301487e-06,0.00046098869404938585,0.000232923541876956,1.7847210891512695e-05,3.6819838365574944e-07,9.327291033514958e-06,0.3615354578884628,2.1175068255977657e-09,5.276235215223465e-06,1.3690067746402177e-06,2.6948575711569863e-06,0.0023946454624757816,0.0002803083320097663,0.0003647896500544396,0.000583078709211653,0.14463984891529277,5.093573536607733e-08,6.070643544722246e-05,3.7001259251839343e-06,6.672209417126587e-07,1.4460452760421637e-09,7.804424927284108e-05
Intestine,0.020525763932398737,1.5309164227233835e-07,0.015229591549575015,0.007484447871953501,0.0011945070732970132,0.11605692235560616,0.0008148941848322103,0.009262928404541392,0.00011933518113406855,0.0035596202238608846,0.0005699883125620777,1.437386293130552e-06,0.007172784043247153,5.282672818936633e-05,0.00038407843452960185,0.3474703305596263,0.13229310034597594,0.04422972564049645,0.01510310863528603,0.26445125578105566,7.253823889056785e-06,0.0009100255809709484,0.00013435531096822232,0.00041416448907347856,2.1439502198392197e-07,0.012557186663973374
Lung_and_airways,0.008145616968660677,1.3189299691008358e-05,0.0021128604671279217,0.0022752558759284633,0.00012084202376230552,0.06421587338333601,0.0003204022220925829,0.028575957447562708,0.0006884559108993825,0.00021820240874010315,0.0002223040695965466,0.00037834509384928087,0.5139285699665956,4.356527090501306e-05,5.5832785932230426e-05,0.296087997260541,0.007204123926608913,0.014424447277379713,0.002257578442904616,0.05548325313452144,1.7237273987023944e-05,0.0001282600950596182,0.00011529782433573725,9.886122397477277e-06,1.7641699888055903e-06,0.0029548812775957558
Megakaryocytes,0.021640419775123987,0.00017273901755946168,0.11427777162901806,0.015043486712489862,9.842241622699135e-05,0.01183316939644571,0.00021461817776417195,0.002627559216594648,0.0013695002882145191,0.0002564441798230072,0.00030347963652185063,3.8502642411774773e-10,0.00016450816333831808,0.0009596754016315407,0.5518352342186259,0.04800400096886191,0.004292295277697771,0.006726494001494776,0.009000302215507046,0.050594225093573725,2.7272280698339175e-06,0.00020452661381442088,0.01984015462732243,3.773703032992259e-05,0.00026906409536633886,0.14023144423355732
Mesoderm,0.015502753490258219,7.462654235652778e-05,0.002060772594713768,0.001485710830202295,0.000176131141220597,0.020408432697335936,0.00029396294512844533,0.0014473551253126097,0.00012526455832362327,0.0008483328177443687,0.00071879638468324,3.947565665264171e-05,0.0009782600570364013,1.8572307241347863e-05,0.00015904582505783476,0.8649095794003113,0.016948448300269918,0.0053783845472731365,0.001674915644745202,0.06469087228710274,3.933331345748434e-05,0.00021823408065405867,0.00013761551078438078,1.6097546720271152e-05,1.9756889516062645e-06,0.0016470507064619882
Muscle_cells,0.011092438834609517,0.00011197000540312131,0.0021491098724870272,0.0009049697753687175,6.338234844833358e-05,0.01638370498237863,0.00029450723613387526,0.000713878107037692,8.327280030174257e-05,0.00048433152001247385,0.0006270319313044599,3.21644497815231e-05,0.00023915726807265223,1.421491683950535e-05,0.0013571339097508924,0.18068473783098324,0.7131304445653747,0.006713614055462297,0.0020746189707630735,0.060480562328656305,4.040140462242303e-05,0.0005593781011483318,6.929920786691959e-05,1.2320732311429804e-05,6.136963039017823e-07,0.0016827411485772579
Neural_crest_PNS_glia,0.03379312939476078,1.8192473560475503e-05,0.0047584246430731345,0.0015043685143665815,9.296276504091527e-05,0.021156363419527955,0.0005958126922736766,0.0015996792527830266,7.567555522271472e-05,0.0003188885201023881,0.002097249519558776,5.137053141412865e-05,0.0014099667467928562,4.1297106230827365e-05,0.0006473382888981667,0.0811544814599604,0.009478627807267973,0.6586933803737937,0.015333324837709732,0.16037163312969657,2.3785908328772603e-06,0.0002700743527680856,0.001517434155323416,4.152810333567709e-05,3.367039007844989e-06,0.0049730507266974085
Neural_crest_PNS_neurons,0.13406573805358077,7.272679194650027e-06,0.0004834407214498848,0.00027966817748099887,2.1217351778211653e-05,0.007070218513170651,0.00012841031093212198,0.0010707455676303049,8.187789155575895e-06,0.00012384074742187394,0.0015736127474891243,1.1045287252060544e-06,0.00014309053102051783,6.1739467931113765e-06,2.6335497050015416e-05,0.02109347745951992,0.002871948881972865,0.01640728930774333,0.7457828838458207,0.03976705466716109,0.0001347578857281439,0.028368878451785814,3.503092524241852e-05,7.463036443815464e-06,3.187572155043812e-07,0.0005218396184933473
Neuroectoderm_and_glia,0.07417137337709709,9.040121419254868e-05,0.0017698273681878462,0.0006522351901864608,0.0013828107923379376,0.007841468959857592,0.0018248105587175985,0.0004378903927409565,2.3611681687469837e-05,0.00037237042209880677,0.003580381939113963,1.0562758919625938e-05,0.0001235725530622786,1.5220566970418387e-05,5.9449180686785385e-05,0.03172439406029026,0.0027119680899810564,0.004027504096181149,0.0017436534779794936,0.8656265328540426,1.4522579793779655e-05,0.00023362366992600776,0.0001631323720316159,9.935818742156512e-06,9.971276076000166e-07,0.0013877488975669882
Notochord,0.011417973315943993,4.098823270977268e-05,0.004823184911261634,0.0031826040525016106,0.0013099789640785185,0.07132562119175828,0.0008307014503326634,0.00547016437985845,0.00016429324188683574,0.0011930648169530145,0.00036872077746088637,8.088725651743146e-06,0.003967806675360643,0.0003447748762970767,0.0001969588824154617,0.3556556861010032,0.12792420306649815,0.010885539059379697,0.0025786754302916264,0.2907057941640817,0.0952136250650115,0.00015864530958614522,0.0001315411775442802,6.676001702277417e-05,2.933713043543385e-05,0.012005268984674931
Olfactory_sensory_neurons,0.32552362444707234,3.543386843681698e-08,1.1162111705351091e-06,5.5001489069314044e-06,1.6389630472469366e-06,0.0014114221972640485,0.0016796464826778754,0.00010478653292457658,2.7632872358335165e-09,0.0002607431455751331,0.005192753545762377,1.429010907178179e-08,3.552871671461537e-05,1.8236982522563882e-06,1.8852950332988437e-07,0.0031803558583620426,7.156516431838047e-05,0.000222320427548389,0.00827535918080481,0.011442561038736528,5.3826967576937886e-08,0.6422224829526589,1.2525189076404258e-07,2.5069116408750812e-09,1.482654554723905e-06,0.0003648660311102649
Primitive_erythroid,0.007888128400737266,1.832427087418815e-05,0.19875169684909672,0.0010603130102806672,2.9483276596462076e-05,0.003613632798834174,7.668706143943776e-05,0.00022478946902986974,0.00012712213194449176,0.00015158038096841936,0.00043197560183985955,5.717371275518242e-11,5.694798782016266e-05,0.000263872102470868,0.002678327381602056,0.01720529685001625,0.0009045383014954743,0.0014917406451762998,0.000488655430592238,0.020519099180173306,3.2206459378361014e-07,5.988306559660586e-05,0.7338977782718191,1.377833693753425e-05,8.128579427436353e-05,0.00996474127861666
Primordial_germ_cells,0.0393978588517099,2.6262040194724085e-05,0.3424063391715207,0.008573264050813632,0.0008587946235073502,0.07304552339932863,0.000455113835196646,0.00391858544393344,5.391778464066122e-06,0.0013742575224319276,0.00043311366724867493,4.4984413161494334e-07,0.0032606188378192574,0.0028465588666656424,0.0009895533050640686,0.05599814390092883,0.004675962587754315,0.007584970592386948,0.002316289160876749,0.08452934191594019,7.891078138739698e-06,0.000764190699909662,0.0016527098227418473,0.000171011986519761,0.004171995527461393,0.3605358074893113
White_blood_cells,0.03370058715414655,0.00023438436408409113,0.2026448208370595,0.011107801118017083,0.0006616398228426914,0.030456093825255014,0.00033453623793729223,0.001930829589299479,0.0006160543161556156,0.0016289796613563438,0.0006946080034497838,2.2693134621418927e-07,0.0006763551277563412,0.005692553542970656,0.04162367281721942,0.11077354691320665,0.008293655209892161,0.018185288679292578,0.0038123130493636294,0.12144485760642887,1.3222703066016728e-06,0.0004419042905199585,0.008425359130094921,0.00029305122834858376,0.0027556208959376043,0.39356993737771234
