,Aidpocytes,B_cells,CNS_neurons,Cardiocytes,Definitive_erythroid,Endothelium,Ependymal_cells,Epithelial_cells,Eye_and_other,Glands,Gut,Hepatocytes,Intermediate_mesoderm_and_kidney,Intermediate_neuronal_progenitors,Intestine,Lung_and_airways,Mast_cells,Megakaryocytes,Mesoderm,Muscle_cells,Neural_crest_PNS_glia,Neural_crest_PNS_neurons,Neuroectoderm_and_glia,Olfactory_sensory_neurons,Olidendrocytes,Primordial_germ_cells,T_cells,Testis_and_adrenal,White_blood_cells
Aidpocytes,0.6782875030042156,0.030320457975603874,0.0030696180043180347,0.00035206923915321036,0.04560678803943256,0.041320007105612865,0.002079562507380868,0.020086163563143702,0.012097410802400744,0.0002645790797676043,0.001410173012950773,0.016880389225837393,0.010785132597280148,0.003950882219351813,0.015400794264338774,0.008773736615622281,0.0034747528684809744,0.0006649875983012883,0.02802927220471332,0.007438189316081241,0.007876404525112724,0.0010535769349251764,0.008051244505214116,0.0030420322297839723,0.0012459263614259415,0.00017119484176866272,0.022687850416347136,0.001523941166254844,0.024055359775180363
B_cells,0.024214215881442895,0.4582538960441834,0.007701546050693103,0.0006445379776054375,0.10751097039606232,0.06204991865776799,0.0020076604812729977,0.018856635554562524,0.0271069727524814,0.0005360781282609617,0.0016850041204820236,0.015905184871487798,0.014340855361731372,0.00929815985790495,0.01813502818821579,0.011820109709870229,0.010592899418593996,0.0007327985459978044,0.04169245489267594,0.009803101543798152,0.012680195431579618,0.0026756201741869367,0.014076330876211086,0.007180807736751721,0.002121554481493435,0.00023883318072462427,0.0573911115300625,0.0009623674098467427,0.0597851507440523
CNS_neurons,0.0037361837711057245,0.009573909853625513,0.6569234959997593,0.00021353831376440418,0.016188218290533664,0.010620953856595942,0.0006990102313583004,0.0070999642615964895,0.027477614918095253,0.003854357423390048,0.0004745909855206971,0.005499114442664067,0.011928345345549866,0.09117170661950351,0.0029808195049257067,0.00416022516032478,0.0016625438824774122,7.492192109991094e-05,0.01668059546986969,0.0023437255157417623,0.0073877554940232106,0.03286363374453105,0.025086941666805293,0.017757174504008495,0.027976405184323892,3.880508450515763e-05,0.006531491978544043,0.000525167066306583,0.008468789509450255
Cardiocytes,0.011636560157131636,0.016147231536968704,0.0020335449204874115,0.2882883557168889,0.054297981967782225,0.13401786917530312,0.016845611783460394,0.07108452926728186,0.007371303012003314,0.00032316061494476586,0.0016556047498916843,0.022917338289133567,0.059966302332087634,0.0019579741391207947,0.038240056824631975,0.02132036577306676,0.012077572176737373,0.008705873967794604,0.04688407979102635,0.057960844240791155,0.009434197169565745,0.014821703258676896,0.005761806068621712,0.00106607214238694,0.0009223820341576467,0.00013010602488683815,0.029271702599795935,0.025148085197823272,0.039711785067550805
Definitive_erythroid,0.01051501438882051,0.025483082368793552,0.0043632140268080296,0.00036153577681673107,0.7188293761481936,0.029142734827077556,0.0013153929879224213,0.012439030855609995,0.016160921737417826,0.000309776711066486,0.001069322086372372,0.010703491721660912,0.008602234328624295,0.0053803463107497266,0.012922170262089108,0.007676847094969067,0.005884256538451085,0.0016312475390689223,0.021153747528131123,0.006022449904048736,0.007549928785850605,0.001411765197894579,0.008686982818236754,0.0023461989495767066,0.001470854587038508,0.0001793320364153013,0.04153324191506861,0.0004999595574345826,0.03635554300979224
Endothelium,0.01687327162955355,0.03467031464256887,0.00454531736071739,0.0006901239187131357,0.06386224733892662,0.3851222578360161,0.01593760539452571,0.05363741728651287,0.024496686841125947,0.0006801860668559141,0.007732853061386515,0.01979393452616797,0.039204812363600315,0.005759602705419809,0.046058713007761015,0.03740567229207232,0.02452916019568324,0.002727572258674569,0.053953195234477044,0.011771717686885941,0.017574345165655543,0.001991418130545874,0.014504294407265042,0.004995067454003888,0.001810905934921349,0.00037224406307261585,0.04161026203946152,0.006728443115221311,0.06096035804220798
Ependymal_cells,0.007224200957245467,0.009190473957628177,0.001989598673395718,0.0002884312495544568,0.022248117863458206,0.09453526398572973,0.32987827967474814,0.06452766237830865,0.014339019937747109,0.0047442565110821094,0.01232539337409786,0.019870723211443887,0.059660160687918004,0.0024003685179151166,0.06687248681635011,0.07040638669737438,0.04012033080837607,0.0019419079713479228,0.05363490579623318,0.0037013602992674592,0.007877564273792213,0.0007493791259560335,0.04664687940282409,0.007672445593380834,0.0010685834861110179,0.00019887432244836378,0.014160541274652064,0.0054867781341101625,0.03623962501750347
Epithelial_cells,0.01485380888735843,0.0214660961419157,0.0044463740232029625,0.002363950139811987,0.05824013364049385,0.1329874914072031,0.023063722361619025,0.17860461231060987,0.026152237777718645,0.0029944974658704265,0.012123453144145573,0.023581949385238738,0.10950012342238116,0.005766645846180093,0.07089882720995687,0.034728528915701384,0.037978673510574636,0.0061836986365267485,0.059711556331400455,0.011321095420386448,0.02067652082117285,0.002282603066714824,0.021308652327014944,0.007583909605624005,0.0017944248183168862,0.00034842714773771584,0.035041978583371235,0.022705895170909075,0.05129011248084238
Eye_and_other,0.01132100946345447,0.02362347640594586,0.012669300915202849,0.0005840028440683027,0.05396040985892317,0.03830006886621046,0.002540037365951326,0.018938899891425352,0.5941996853112819,0.0011446083051747339,0.0016087732815620555,0.012356977249872485,0.023658114153291113,0.015242490103410984,0.012438666342497084,0.012363928641198172,0.008173174719623767,0.0003717622695786481,0.03468804248688516,0.00643815904000012,0.016641904642517476,0.00253152437958205,0.02894632549966606,0.006657712271643627,0.004790024576077264,0.0001723401272831213,0.02374045982829575,0.0013129660391338204,0.030585155120242864
Glands,0.0038440841106440545,0.006736312338827582,0.0378409240988433,0.0002637903888980628,0.012593643387636487,0.012474360526938073,0.0027549585022739265,0.023297700379446094,0.010522466789966703,0.656050484907391,0.0012087038147317573,0.008844098760220414,0.013518240856084166,0.031097325558056978,0.01679539633512391,0.011007872102281862,0.007980694771149134,0.00015456329424295094,0.02850594664368978,0.002711811492751822,0.004921824068027266,0.002121638214488365,0.079939340799706,0.0071674858078169075,0.0009861314626309012,4.4283495879763964e-05,0.005085156156966713,0.0016259416715961792,0.009904819263689767
Gut,0.016527810347504817,0.022896323076369268,0.005422427228924841,0.0007631229765315274,0.05561800313795822,0.1274286596826339,0.030655166394988075,0.0732242068704687,0.028582321597086423,0.001593053684088744,0.04384692316978696,0.024720690994152233,0.06190066840859336,0.0062508810916070655,0.15719329909538068,0.10375003490262558,0.04195482946968679,0.002305099900292051,0.04570571649760256,0.008545703846576366,0.01647764558487096,0.0021938934579219913,0.016501219223512505,0.00413118936797344,0.001774829586039251,0.00043693537125090903,0.03272697556211502,0.008655711676709872,0.05821665779674791
Hepatocytes,0.005361057900883968,0.007967253338882905,0.002267479233136652,0.00017647877666809742,0.02121955002893354,0.01259115544071459,0.0006341027426854961,0.005757832057454142,0.006975409682732488,0.00025092062812169546,0.0007499475148125449,0.8691899314896173,0.004086498234318704,0.0024128950108644586,0.0067462642789609594,0.004810105152345849,0.0016947409865960559,9.29496178116632e-05,0.013569789217262273,0.003072716343261209,0.0034880841224906247,0.0007952913997810331,0.003912679445932102,0.0009752205374665681,0.0005808802178598255,4.5921315887620426e-05,0.00912394388725855,0.0005796426647619964,0.010871258732497021
Intermediate_mesoderm_and_kidney,0.008150708225542808,0.013492106017392534,0.003105835868779475,0.00040637048385478754,0.03203748655129026,0.05533155999321393,0.0057900177549360405,0.048356348537475446,0.02006688041651018,0.0005772831709598222,0.006489198424265704,0.00941976287061392,0.593828699639411,0.004590957126156606,0.027968944132076314,0.016300406897378165,0.017360324668841322,0.002942009935543505,0.03953486824178671,0.005925985267819157,0.012756776526681158,0.001671265987676176,0.011461308641114698,0.0042568688891383745,0.0010987151579276836,0.0001955999394245482,0.01862515390323836,0.013543944365095777,0.024714612365855575
Intermediate_neuronal_progenitors,0.0025487399031075297,0.004965832243673021,0.01207137242269314,0.00013156455842114012,0.010521918083335535,0.006698973654839452,0.0003116920572950018,0.0036939373981703175,0.013055458104186216,0.0008776940726907291,0.00023876021871298232,0.0026079017014578,0.00341379767523326,0.879134319218355,0.0017609869072136245,0.002023847919581252,0.0008764552390967135,4.110466948891853e-05,0.00793593994717325,0.0015425594093878858,0.0036473130637810595,0.0018232739911594358,0.023791945448917207,0.00381674345022997,0.002425798809280358,2.1091630518650185e-05,0.004294312374635393,0.0002583431667522009,0.005468322660612891
Intestine,0.0188245316890171,0.028872028415596093,0.0039571149163386155,0.0005215815939593929,0.08175420353286013,0.12603276339300917,0.021605481247190767,0.06463805263659386,0.02314059507151309,0.0007516757093727307,0.02217803784840633,0.03489265789376759,0.0422298738156095,0.004990712024909433,0.21072711489436116,0.036164024903405846,0.044836138932466796,0.004760172911950609,0.03710405715984659,0.010989941108367667,0.015296247024736151,0.0016942273678751164,0.011921448969708186,0.0037954105499278033,0.001350969474426189,0.0006242764336636229,0.06305217428390673,0.007325732715069727,0.07596875348214399
Lung_and_airways,0.010469916377761193,0.017547354573390694,0.004130467444965076,0.0005372542229088393,0.04459357280589206,0.0676384514581598,0.011830313124470178,0.030775382537175617,0.018991204335425973,0.0007252069197180025,0.006987505038342862,0.015156898377027548,0.028914501460456543,0.004931823890750698,0.032021899962458224,0.5691619660157659,0.011478635503632761,0.0009129702088135722,0.03041819428110116,0.006467952811452053,0.01010869642658091,0.0014728900274235965,0.011316276189428915,0.0026348559424902484,0.0013096198798139998,0.0001883581858948491,0.021994684010146984,0.0071732680213297505,0.030109879967221993
Mast_cells,0.007545530068621975,0.02112126835922967,0.0024368913464488436,0.000586354677247152,0.04022894660148,0.050375187884573125,0.006574048432630203,0.04426237787234264,0.016537205673744053,0.000904777463336512,0.0035333664793354446,0.007805366729619065,0.03909081830071939,0.0029179979034742137,0.047787679564122984,0.01371085130541659,0.4907414742930607,0.024703641496402542,0.02042036991505066,0.0040031097371915,0.008183480887827776,0.0010209043621749734,0.007870953257015898,0.002169319818907265,0.0009454970967771794,0.00030971544418772654,0.031916695471017706,0.006537570856954424,0.09575859870108981
Megakaryocytes,0.009756772956828886,0.025316659822736617,0.003580697877428821,0.00036486017717353826,0.11164093966197247,0.10509862197342697,0.006567736741699251,0.04232790398290474,0.016300147696515853,0.000273438903133777,0.0037768146246140344,0.009113476777844864,0.017955607130692452,0.004700392570369759,0.04717755776238453,0.014623686937898743,0.021368177997273263,0.33934915684519357,0.022521457114189774,0.007343123335172037,0.008745256039514874,0.0012878602372611767,0.007835745023013275,0.0022218712079339403,0.001125926754477932,0.00019749069539038233,0.0810778304816707,0.002307600616643665,0.08604318805464012
Mesoderm,0.01783131794851056,0.031104999819513597,0.006165108776204223,0.0008336253458442087,0.05061322196838141,0.11820429220712146,0.0113496633086798,0.06744970290877272,0.02958581697512126,0.0024781890756206287,0.004718814968866294,0.03158006751093563,0.06349953880332648,0.007421357346181372,0.024339624249045937,0.023475533767222227,0.010901101060303977,0.0018404748447351043,0.33590132278130946,0.017891714223336515,0.03588866418252859,0.004298838272708981,0.01966852326861481,0.006985558409268191,0.0021127327067650497,0.00023129965910293287,0.026688589510928316,0.010185388905469793,0.03675491719558046
Muscle_cells,0.02161463204368011,0.028233608760948922,0.00550906696453889,0.05116015396192377,0.07948768288099543,0.11328551385869379,0.006668428084264047,0.05131043962596547,0.02189264860122809,0.0006572120015015168,0.004015905857966843,0.03492888501289798,0.031934157613360194,0.006613894489883735,0.03550260580666307,0.019025301917901954,0.0068407246264474055,0.0021293072895322463,0.08357340254311114,0.23401646755346509,0.023114886568774872,0.0032911792549657,0.017841447479665908,0.003891265325651799,0.0018947316922160663,0.00034030850567793783,0.052597888801410975,0.008176257987322938,0.05045199488934411
Neural_crest_PNS_glia,0.016873159673436375,0.029075414592369078,0.00889565106634202,0.0008884586488955758,0.06404155225692246,0.08518004807227382,0.007315825365845296,0.05733850731729527,0.05672614412357319,0.0015268332153805532,0.004700809521127374,0.018555066705756747,0.045905565791103414,0.01297442840318091,0.027814847188458194,0.020275346089196074,0.015692032219181938,0.0012746141924720102,0.08350909153032908,0.012754555259677648,0.23747914039100262,0.003358499938251613,0.0872251727561911,0.007746629093863318,0.00871570744523753,0.0003557532469918252,0.03389153860723091,0.005329890885689132,0.04457971640272492
Neural_crest_PNS_neurons,0.008815403469290729,0.023800118901809702,0.029199215887378095,0.0004897822134632863,0.041605761172074526,0.03450984653784142,0.002113214550526968,0.01977591672750117,0.03035007918119198,0.0026966416020752096,0.0017062780237778528,0.017677237096180444,0.01987311328078999,0.025310778198449877,0.010283823560094971,0.011927066875388604,0.0059000479690649,0.00034103526546662785,0.05274709164711815,0.006898997643371493,0.01599972204001376,0.5398358334976767,0.023675712827029887,0.0227585593552668,0.0075846387487915464,0.00014269144470460058,0.018413239006291927,0.0018747583591891823,0.023693394918179532
Neuroectoderm_and_glia,0.008353789902516964,0.013293382129635038,0.010946208131832242,0.0012415282583132135,0.0323376417901605,0.026885200977302598,0.001954244364164751,0.01964091423579505,0.03774428574873955,0.0024509133163548805,0.001049597352419537,0.008253109279996632,0.020974992787323524,0.03318184468889128,0.007861388503007504,0.0084444737089591,0.004156022616291418,0.0008602790390639038,0.02536394149763364,0.0055780967117681135,0.034070069341151414,0.00159453151284913,0.6391863543058318,0.005477660561412913,0.010729859113254555,0.00012043387159959064,0.014188391466554168,0.0070057140389662015,0.017055130748210818
Olfactory_sensory_neurons,0.007875533756960698,0.02589335659341765,0.006760957170126109,0.0002810128201527556,0.02322353231206652,0.030014470152786615,0.002944883185401455,0.015547322074726394,0.021564327132373842,0.002262732940344749,0.0007883749768280341,0.005328978865649933,0.016596035994892105,0.009442083516556322,0.0069388658585136515,0.005501375521391886,0.0036283109721970456,0.00019148481035812908,0.025898871885692242,0.0035308629661416923,0.00839646065600888,0.009600576923274082,0.013137915142432016,0.7250760181496061,0.0018814835888352973,0.00015356483311195306,0.011326692973191034,0.0017195920188809747,0.014494322208081847
Olidendrocytes,0.004831861094152526,0.009399210752555884,0.01138218644430276,0.00026838506815540526,0.024318731592614957,0.013524069045582173,0.0007235729500849745,0.012554945979345448,0.0331073728714825,0.000513804246177854,0.0005133022051175177,0.004656153591538602,0.005904054557956284,0.013491732595437827,0.0036519769416275007,0.0042235542685914226,0.0022502992559258394,9.875061072922097e-05,0.01361687440603936,0.0026007766521797876,0.012766617899084431,0.0019083319358577798,0.09032287178015695,0.0032166835353833246,0.7095209743579662,5.783085916375074e-05,0.008860037396620944,0.000366556156153978,0.011348480950014748
Primordial_germ_cells,0.01831878337775649,0.030365833823502518,0.0035963798649136067,0.0003637001477812932,0.10166729923347005,0.13602329705873895,0.0360756849485858,0.11396557021686365,0.023041754817504683,0.0004524700897504634,0.018087884298560463,0.014790576790541427,0.06473235745644416,0.0042648212718581855,0.1207222334972304,0.01750246051973877,0.027726892209217334,0.005494642968526645,0.04275646779133577,0.01537494817486036,0.022008247536439304,0.0021834061345071265,0.014412730842470063,0.005870557353590287,0.0016075372595801898,0.0006913836653124278,0.07685436260517356,0.005128408750243268,0.07591930729550275
T_cells,0.020409242849309034,0.0635106106200712,0.00574549371342492,0.0005381295253518502,0.2009631809680019,0.09348042902258574,0.006531919246442183,0.032897397340576714,0.026883875513796042,0.00045274596041170324,0.0030934300236046728,0.01876469484735675,0.023392555854619752,0.0071410703242332,0.053818672019853325,0.015852601940813345,0.030565941209021223,0.006463885667812076,0.04196460849319654,0.015746280294779844,0.01636638465719271,0.0025678313850827474,0.013728590458797929,0.004280842305365052,0.0019602018555232546,0.0005612291770018896,0.15376513946234735,0.0018618346354701335,0.13669118062795693
Testis_and_adrenal,0.013065486719730656,0.014235997107671901,0.003701728647768627,0.00065946390561531,0.026300779616300868,0.11020948377976192,0.012565227746434232,0.06584194087555348,0.020129065303341156,0.0017376290066860457,0.007524210713973606,0.023382044565088175,0.0696734539764696,0.004725482626178084,0.07486229145446877,0.03215768828286888,0.03675550474902626,0.08722059143877403,0.05201968380814403,0.006317890508546461,0.015149084356460002,0.001702070762702398,0.014680284527384232,0.004873738930667311,0.0011501311880289813,0.0002282046987661838,0.015200727122858637,0.2494375922289625,0.034492521351767676
White_blood_cells,0.019134118607841023,0.05256614311766304,0.00623024097587314,0.0007525059412960162,0.1466893511938142,0.10094969432015931,0.007289020602592757,0.037468033706501445,0.028067673688106805,0.0006811161098648831,0.003762672082414619,0.021235316386755593,0.025615497693722945,0.007655877867506804,0.05042591547340355,0.017944720993753237,0.08319091559842036,0.011038569418982385,0.046036666810108096,0.013777890781390158,0.016733889922543946,0.002587484122104158,0.014215055448103833,0.0042402221544419446,0.0021952499475694,0.00046622853678308495,0.12096620751469404,0.002625856240899498,0.15545786474268972
