,Aidpocytes,B_cells,CNS_neurons,Cardiocytes,Definitive_erythroid,Endothelium,Ependymal_cells,Epithelial_cells,Eye_and_other,Glands,Gut,Hepatocytes,Intermediate_mesoderm_and_kidney,Intermediate_neuronal_progenitors,Intestine,Lung_and_airways,Mast_cells,Megakaryocytes,Mesoderm,Muscle_cells,Neural_crest_PNS_glia,Neural_crest_PNS_neurons,Neuroectoderm_and_glia,Olfactory_sensory_neurons,Olidendrocytes,Primordial_germ_cells,T_cells,Testis_and_adrenal,White_blood_cells
Aidpocytes,0.4807953148372418,0.03441348607412408,0.010903427172981695,0.005552931584648091,0.019414173075267827,0.04512666453777428,0.018436224785606355,0.026536309594248207,0.02050522117627079,0.0032369805824530922,0.013795798385850672,0.03382025968224488,0.038990258439743006,0.02093167191254916,0.03750648651754666,0.02612406338961164,0.010054798608317206,0.0013660058355975267,0.024699303789927168,0.008594661789976463,0.031734652222450935,0.0040248682899396175,0.02832724473431166,0.010251272277620757,0.002916420056770599,0.0012717314291805074,0.011447365181168333,0.014152967105779365,0.015069436930797604
B_cells,0.029633889712783502,0.4504220910792237,0.019591487200601863,0.0022112577314407074,0.04357714785657006,0.0478817951388814,0.0063044705829516275,0.023533594832761223,0.0353505523497844,0.0030128787059571526,0.004519928540860221,0.03121941418182931,0.019578266145834376,0.03807533015350839,0.024354201748563235,0.008708147001585932,0.003720792567709184,0.0014735669269712154,0.029533565786208207,0.01573526985830418,0.040161991830355334,0.006568817172498163,0.02992475105502307,0.019022512459040263,0.0030634052820189247,0.0006390374376990128,0.03481999652561279,0.003074254025448252,0.024287586109974297
CNS_neurons,0.007068634732370002,0.01155672015155448,0.38062670049590036,0.0007543540397085918,0.00675469570234628,0.011963125068609363,0.005844551027265928,0.011401542268168665,0.03223982135074114,0.05478669534680461,0.0017701407776820265,0.01021413497375482,0.02047702654212265,0.17863142217050237,0.00553846770238357,0.026066377048347175,0.001063371205034342,0.00021915561975399434,0.021227352088224776,0.007202794995628046,0.021038334602430958,0.07765984513615856,0.042384951847787115,0.03397956155069776,0.017596576488356004,0.00024145581645954723,0.004715782124667517,0.003159486143937771,0.0038169229826016016
Cardiocytes,0.007592503608545446,0.009587031748343184,0.003350882218380178,0.7563441224890143,0.007108410099588195,0.014418665720306123,0.0032242973325351514,0.007266659484098152,0.006820503396371093,0.0007502229822049596,0.0017158616689830653,0.009059727204611711,0.041799324982891316,0.006824037765183382,0.007896849084860231,0.0034641030922958403,0.0013750861168722614,0.0031360305459840914,0.0077180374969715885,0.06623558028470836,0.009385581107945047,0.0012379025483721495,0.007163885720103925,0.0029083822698796917,0.0011522907293814672,0.0002871965698259635,0.005009211557565342,0.0018505370696287383,0.005317075104549013
Definitive_erythroid,0.0191364676787721,0.051655721493745324,0.012099709437612008,0.0016265278871831763,0.5791154985860434,0.031297328693046,0.005036786152201484,0.01911788965450729,0.023962300402699595,0.0020295020019512077,0.003878620077531477,0.022974055310065106,0.01617763139854726,0.023305568921319415,0.023626731812617888,0.006608642722151655,0.0034949025719956655,0.0053553911658358625,0.018053555501193294,0.011240919124947067,0.026862400025899524,0.003962375087791377,0.021181806822422877,0.008630404967202287,0.0022874520667279406,0.0035449886385662105,0.031226728848078186,0.0025595747667942147,0.019950518182551082
Endothelium,0.03310874502082221,0.04844133220015636,0.014146323422844408,0.004461260080568248,0.029557135179780165,0.31272286413318784,0.025757383750079892,0.0478006157915853,0.03070211247490222,0.003226815747300049,0.023575600415050753,0.035901531848777035,0.04600955208188632,0.027856074484373074,0.051251858860646704,0.03185689473416402,0.00835101219625396,0.0036113579099460347,0.03755043102903036,0.016046306239791436,0.047313221156988224,0.005172108339167554,0.03377673800516501,0.013739870965142224,0.003459849886699841,0.0012858508950542085,0.022925984287889323,0.011008077384383072,0.029383091478364185
Ependymal_cells,0.021181612407923395,0.01224934636047247,0.004765778134563924,0.0063443400366736845,0.011521480542961543,0.0539044903748372,0.29080234861234655,0.05151878475536519,0.01326704999681979,0.0017781166154763447,0.029098632579208705,0.018920443238431634,0.08082830601041541,0.008752231156020088,0.15267726203107357,0.04795166296694209,0.02518854940297431,0.005227050546840255,0.01690226543271751,0.0041552496438030054,0.02245379154628277,0.002404739989534049,0.041039904894199085,0.007404490560403217,0.0019898851582870365,0.0007190082416684983,0.0072025290767639616,0.03886161598014138,0.020889033706853292
Epithelial_cells,0.033984636854663276,0.039463921381084434,0.015902691326031768,0.007688481220350093,0.03106022202509359,0.07732219767761016,0.04461133464173342,0.10337820848717875,0.03749680014391283,0.007810821636392918,0.022395061264124935,0.04310421232580139,0.097788334974882,0.029150356646522498,0.06776368235473172,0.05142713433640271,0.01781473786242911,0.00740739870816327,0.041563689051594056,0.017737469741074312,0.051430781396201004,0.006333018291224455,0.04337422141076611,0.01912047840249162,0.003727628993055679,0.0025213392847171466,0.02126089085944588,0.0314918286416828,0.025868420060638078
Eye_and_other,0.019644991909082272,0.03467473712760676,0.02311265188633531,0.0020257250746052082,0.02232483690267047,0.03818049564412728,0.00841664886596576,0.01977019145026754,0.5295292689726683,0.003800760959893025,0.004338550321494507,0.02318851741407388,0.026799832018415303,0.04472961107488252,0.015211931449825099,0.009729212834121898,0.0030817367128856657,0.0006274879382805434,0.024049236320048756,0.010208960317258814,0.03785697657263557,0.006858870487583948,0.04167001562220379,0.01340218098543476,0.00460834885074443,0.0006682959856276898,0.015210201052691066,0.003732758122038233,0.012546967126531609
Glands,0.01680261748787393,0.017698344970752868,0.04921224654319253,0.004170698845108848,0.011665067447315455,0.025096060444346986,0.07661416869693248,0.01859054087820387,0.022993577246465155,0.4103366695992582,0.006255465026863762,0.023898610505102506,0.01927979413313644,0.03730539470158718,0.016096021142851975,0.06582656922093476,0.004461183962573172,0.00039186497037858994,0.036108287489071994,0.013666364303664056,0.025168288239900225,0.013409521353705852,0.041255398487790584,0.015561310634474182,0.002777669290089924,0.0005780247524757923,0.007344710177205578,0.009514714266048673,0.007920815182694479
Gut,0.040154384601225585,0.03239840431647751,0.01407296933064351,0.0076670273328768995,0.024199807367999687,0.09470885722193838,0.04522435221491566,0.053661792437573026,0.03034361417848823,0.010709628068824497,0.047971720420267844,0.04946772257338609,0.08143770358288314,0.025799020556660585,0.12470556676249245,0.05995057078994531,0.022507821407736165,0.005193920600993999,0.03240612311836321,0.011500921677436824,0.0425169004971143,0.00616990247033862,0.04442748277776934,0.015335785994506879,0.003782731903525704,0.0014095361818920464,0.016734304746203747,0.026676909473928156,0.02886451739359263
Hepatocytes,0.014114960527705075,0.01403936414069301,0.006422945028685189,0.008235197765715492,0.015179086008658086,0.01868571584349603,0.0056585200927158465,0.015318889638569533,0.009302703016394966,0.001361269778221962,0.002645827444953407,0.7640098566610348,0.009160509612684097,0.010209383754689582,0.02098756347596512,0.007385204771623243,0.0021943231783180094,0.0013022758464237955,0.014696712123022038,0.008330343545488152,0.014111050835417476,0.0020250720590207663,0.009921112400690527,0.00409321033785171,0.001102738581736711,0.0002861874905709025,0.008591166959730155,0.002177288356585646,0.008451520723338624
Intermediate_mesoderm_and_kidney,0.025259631939655133,0.02696122914382435,0.011633216949201473,0.009698705271419396,0.019668777464716382,0.05331073206432921,0.02939793605443186,0.0518724607425511,0.02871143207544311,0.00267379743484086,0.016085828477818157,0.02741617279228727,0.383817541724824,0.023195079684678595,0.04463467583849262,0.03365439334450296,0.018255495391432737,0.00777068165265777,0.02917155574030906,0.009597002047532218,0.03720786224524124,0.004404936192462836,0.031287399657166336,0.012749295348530405,0.0033238310529272903,0.0012105376794755791,0.013031162932929427,0.027046333404685412,0.016952295651633194
Intermediate_neuronal_progenitors,0.006044758254360502,0.00995960048786018,0.02302846038862154,0.0006412954874031329,0.006194093495226176,0.010094428983192908,0.0020042370709845232,0.006575647492001173,0.019578241931448356,0.006185620322763894,0.0012356943447566176,0.007018653875207393,0.006317845771599361,0.8067196301428369,0.004275577911893092,0.0032516756257919763,0.0008133163483416278,0.00019637053611027138,0.008904589933471718,0.003924322631288182,0.015449927533432332,0.005094961535539773,0.02526684195769596,0.008706185636318229,0.0028884852140156807,0.00018077655882421437,0.004433291795983314,0.0014511667572566817,0.003564301975774294
Intestine,0.03837899446417801,0.04937244787417977,0.015947479883331547,0.00666894924025999,0.04006169673315892,0.07103207680117808,0.029094262610417643,0.04935535251885894,0.03368821001323078,0.005815917924969999,0.02558418643944546,0.06545197997100775,0.059848525573205795,0.03241503258752166,0.17261272282103507,0.04346438397237395,0.020634244746483794,0.00777766955267366,0.031061150481561835,0.014730777852406432,0.04265079556081409,0.006044065853911742,0.036090176353670574,0.013484388054998308,0.0036206334617836806,0.0020718509406888884,0.026443847373762,0.025842859393773756,0.030755320945117882
Lung_and_airways,0.02584875208181586,0.013386483438040763,0.018839176380608353,0.010742654016078918,0.012302927720482821,0.05454240428280706,0.049823876709516594,0.042618669235364115,0.014945632104685011,0.009553472340316319,0.023004239392862377,0.04379726922319195,0.061323915831150544,0.01535470905887704,0.0885142232872862,0.27587690164356754,0.024133263213453514,0.007413128515108645,0.04734977338970291,0.01797852063182728,0.026469120999291097,0.011962228475159868,0.026164723779492628,0.007387580472208938,0.0024970513427088263,0.0009050084183194272,0.007373996665716022,0.04256093468172462,0.017329362668634787
Mast_cells,0.025513173073366847,0.020180570692307956,0.006513879404614737,0.017454194536927915,0.016951777654700313,0.05277780634512866,0.03993481169684399,0.04095628260837447,0.016117679538740583,0.002397158502777607,0.02777847934503889,0.01812230488704946,0.08799329718643746,0.011950691663271876,0.09356111626810244,0.06136695890281398,0.196195922444683,0.09757303799796091,0.017562295014722475,0.006289839040969958,0.02486005701723948,0.0034568811621388936,0.027258680257649343,0.007787316853862202,0.0028164890683172387,0.0010591374395172745,0.01069177353348834,0.017699424818218817,0.047178963044734845
Megakaryocytes,0.01579584174504898,0.038523085249430246,0.008003072778681095,0.015647746555161823,0.030056368430135115,0.047658689114803976,0.02526313241865301,0.04943145790265827,0.018463073218807843,0.0016603348705181398,0.011794329570095265,0.018122458752415728,0.03030236983657958,0.016565658080749057,0.03856771422701359,0.03709457426186427,0.020451968447686774,0.3854129595844681,0.0179187989953212,0.008632281757961676,0.027695797264489286,0.0027256747590319757,0.01567989953558935,0.006385291433397706,0.0017064962229760875,0.003294347538392658,0.060059874991162755,0.004798972958517028,0.04228772949838941
Mesoderm,0.03135283858228784,0.04623341474441035,0.01908439143589214,0.0055903744624082935,0.02695643696401998,0.07506236154245068,0.028541561122795253,0.058253589903474394,0.027749759933998246,0.007392952211288159,0.01113719003397898,0.04839861320474436,0.07497372943017526,0.02591089692403942,0.04170264189674715,0.048939145409978804,0.005210924750987607,0.004481229743251442,0.17168891004104453,0.04316628246871352,0.06204615172925124,0.010017004485015628,0.03194868017601224,0.015726364261271546,0.0032641621933046693,0.0008224837875427464,0.01851384642750761,0.03443762500980349,0.02139643712360444
Muscle_cells,0.024980574053811287,0.047787608763417234,0.016340716510706545,0.11824153125203256,0.03290762520744536,0.05026246822632247,0.008368537188463575,0.03951398452524402,0.025943775841420227,0.003074703171324307,0.006502695194561015,0.04557915972232944,0.034275272466859345,0.026726785329572973,0.03705364996983474,0.015404738214442467,0.0018748306541165431,0.0032828332865706936,0.04301260968538005,0.2719345507295703,0.03971531039746877,0.005861148023617276,0.027213816765542673,0.010337337363061978,0.002474774246886014,0.0015390841949711302,0.027070078295863793,0.010177382704019178,0.022542418015144047
Neural_crest_PNS_glia,0.03395709790075169,0.046527613257703646,0.02121915682082446,0.00443850320863493,0.0300053658057354,0.06716501011527616,0.02252246081610883,0.04818774791184276,0.05235905979435278,0.0047737313745693484,0.011322451829218457,0.04015105988928808,0.04848481001275933,0.044409100255802,0.033483077058923935,0.0219241307615013,0.007402173291719717,0.0018741297657777632,0.04599861085600245,0.017242038734903813,0.21440339228215044,0.009821859252409092,0.08560955580255658,0.017306337245874444,0.007000477098862957,0.0015944363653297112,0.02209474905828316,0.016661116961974483,0.02206074647086228
Neural_crest_PNS_neurons,0.00943324773940054,0.013545851258925549,0.04088228762125012,0.0017134469252745315,0.0074530359550446556,0.016593990472129318,0.011205661461949488,0.015390584963607522,0.018939038046999417,0.03126443873394138,0.003897072221762714,0.01379161235206028,0.014541298983840403,0.041499661272699294,0.0187135034148123,0.06355790681766403,0.0033655059641531366,0.0002511993177451182,0.024541663421374156,0.007990991550315671,0.02594594866289041,0.47642364633074097,0.024423663004439603,0.07505143911728028,0.004024142322366955,0.00035509246967562635,0.004903587317000387,0.024661932539794495,0.00563854974086165
Neuroectoderm_and_glia,0.015163262771315671,0.01764051259373714,0.01511646288514342,0.00237984070828444,0.012688916812401101,0.025888593227081386,0.012814066065232983,0.019649919085291005,0.0382480770623046,0.016266947902075453,0.004427964836658817,0.01483195411065385,0.021569300220196156,0.0417358797670286,0.01242468572236813,0.011279619139651339,0.004051549899762939,0.00035449632042911905,0.01652922694018076,0.006407789732135207,0.057188944949836146,0.005325851912712677,0.5855191975979025,0.010300972434347773,0.007113666982867239,0.0007647531299004943,0.008045133356763602,0.0082803984548814,0.00799201537885601
Notochord,0.057986045589922076,0.012306471962084073,0.006170233548903151,0.013713921989989079,0.016954686045619147,0.08894732359953123,0.049366964588219125,0.07452072751720613,0.023221387846902437,0.0019612677343856613,0.03225729529439968,0.05175263670715827,0.10122470290779657,0.009762454520538921,0.08808456129031801,0.06984424406898658,0.03086403489686736,0.00025744974167175047,0.050701117668789444,0.007833434062279666,0.04980677607454886,0.008361049707306344,0.06118658396197003,0.012957363047771769,0.006976847352895894,0.0021943640316576403,0.006215345881905425,0.03168331375621835,0.03288739460415732
Olfactory_sensory_neurons,0.024231024501483508,0.05396756165067973,0.020971951003816852,0.0030461992632231168,0.02014281511800439,0.04135705338179808,0.034309289387665795,0.025970224468496346,0.03354897264278035,0.014563153370998278,0.0057555061352804245,0.02301419770727388,0.029327716397112794,0.04210191389934673,0.018006041048782742,0.01259933239951304,0.0048547194226396684,0.0008298976493667704,0.027814572602463776,0.009718593744937125,0.03596779957783725,0.008376846808214936,0.03552028051542011,0.43143066830422155,0.0039250295835055625,0.000980544002881694,0.014174173512333932,0.010119750644601022,0.013374171255320547
Olidendrocytes,0.01333359064999869,0.017448941178641392,0.024171460327033628,0.0018601361590688474,0.013016246209207908,0.022552778857731992,0.006368909006685252,0.012177154375025293,0.04372606409679165,0.003672935287327638,0.0030522823682141817,0.013240516134894333,0.016210446071933872,0.049703713315513154,0.009642231241078858,0.007383255259640582,0.0030318917590132417,0.00027198734355909026,0.015375296526194458,0.0056875413065207115,0.036888006932881634,0.006354907037490987,0.2629088749322117,0.00951127145510726,0.3839707955868174,0.0008493952304089858,0.007439119712741702,0.0026849398751972457,0.007465311763068278
Primordial_germ_cells,0.02085079009325946,0.04154948029950302,0.029972681769340613,0.0019012216957576971,0.027736060176461935,0.03578452242507668,0.004476548449779369,0.278179841580763,0.04155193154067122,0.011321350701963363,0.003571409720460648,0.028272334374590067,0.06451809060802034,0.05788955823486263,0.014853421587266527,0.008699232319834594,0.0023176510856708485,0.000985324327390704,0.036262089769755465,0.014116496721978329,0.04346902192634527,0.00790544834519952,0.038742030576192805,0.03876477347487345,0.0039049231071745854,0.05812023194972,0.0183119617567821,0.052230927602720155,0.013740643778585653
T_cells,0.036209178616878224,0.13564552887843742,0.024181623940814276,0.003980721034300274,0.07645062650888072,0.06953503458604234,0.011921434189899974,0.04061647660604646,0.05051140308714973,0.0038889571190061805,0.010307728708902196,0.0461507345584387,0.03468880935657154,0.04877475091438598,0.05328181590687009,0.013755230761508707,0.008549378581961493,0.014146836086695072,0.03675435997184119,0.023235444872139115,0.055137304844720125,0.007925989410790674,0.04136266718265603,0.018800842366679338,0.004078796290094356,0.0039063376943920085,0.07074197653504696,0.005957375975085198,0.049502635413765636
Testis_and_adrenal,0.016772430196815336,0.015371128739586362,0.007585352199274364,0.009363772239650896,0.012520738733053075,0.031813650956662436,0.05895350060467648,0.074121869246235,0.012301329381550707,0.002416233038622063,0.022289585065251576,0.018900207957355235,0.1437407119397155,0.01324787813802949,0.10474437354485354,0.06869336138471929,0.024650636776302356,0.04448249512308196,0.017751885373443754,0.007610408967194324,0.020980860796162716,0.0031641923923446977,0.021425377330613282,0.007198313633837615,0.0018708031641773981,0.003149523829132917,0.007998449635709809,0.20431680741867006,0.022564122193277802
White_blood_cells,0.035860356519549295,0.09417250903740132,0.01772280438404379,0.006645874692724402,0.06346230310827934,0.08499345319917152,0.01996136302532024,0.04351825336989935,0.03765922845306032,0.0035906392726474698,0.0169145635252597,0.04238617488291256,0.04050726136076288,0.035334945292703625,0.0721478101280981,0.022424674021849063,0.02435768993587247,0.030586988225230524,0.03467581476844643,0.019700020868168546,0.04778882937911647,0.006537755124993879,0.03550404739793839,0.014612600442084817,0.003797622691382646,0.0022439151431504043,0.06441023304227415,0.007870351090807054,0.07061191761685123
